XConc1	Conc1	XConc2	Conc2
0.00000	2.42014e-205	0.00000	2.43721e-205
1.00000	8.20135e-197	1.00000	8.26046e-197
2.00000	1.82473e-188	2.00000	1.83817e-188
3.00000	2.66556e-180	3.00000	2.68564e-180
4.00000	2.55660e-172	4.00000	2.57631e-172
5.00000	1.61003e-164	5.00000	1.62274e-164
6.00000	6.65754e-157	6.00000	6.71133e-157
7.00000	1.80763e-149	7.00000	1.82260e-149
8.00000	3.22284e-142	8.00000	3.25020e-142
9.00000	3.77321e-135	9.00000	3.80608e-135
10.0000	2.90096e-128	10.0000	2.92691e-128
11.0000	1.46470e-121	11.0000	1.47816e-121
12.0000	4.85674e-115	12.0000	4.90265e-115
13.0000	1.05768e-108	13.0000	1.06796e-108
14.0000	1.51283e-102	14.0000	1.52798e-102
15.0000	1.42127e-96	15.0000	1.43595e-96
16.0000	8.77084e-91	16.0000	8.86431e-91
17.0000	3.55554e-85	17.0000	3.59468e-85
18.0000	9.46893e-80	18.0000	9.57670e-80
19.0000	1.65675e-74	19.0000	1.67627e-74
20.0000	1.90462e-69	20.0000	1.92788e-69
21.0000	1.43879e-64	21.0000	1.45702e-64
22.0000	7.14268e-60	22.0000	7.23676e-60
23.0000	2.33051e-55	23.0000	2.36246e-55
24.0000	4.99828e-51	24.0000	5.06973e-51
25.0000	7.04743e-47	25.0000	7.15264e-47
26.0000	6.53354e-43	26.0000	6.63562e-43
27.0000	3.98340e-39	27.0000	4.04867e-39
28.0000	1.59748e-35	28.0000	1.62499e-35
29.0000	4.21497e-32	29.0000	4.29148e-32
30.0000	7.31903e-29	30.0000	7.45941e-29
31.0000	8.36661e-26	31.0000	8.53673e-26
32.0000	6.29864e-23	32.0000	6.43489e-23
33.0000	3.12421e-20	33.0000	3.19639e-20
34.0000	1.02156e-17	34.0000	1.04688e-17
35.0000	2.20342e-15	35.0000	2.26230e-15
36.0000	3.13755e-13	36.0000	3.22848e-13
37.0000	2.95239e-11	37.0000	3.04580e-11
38.0000	1.83820e-09	38.0000	1.90218e-09
39.0000	7.58476e-08	39.0000	7.87791e-08
40.0000	2.07844e-06	40.0000	2.16862e-06
41.0000	3.79316e-05	41.0000	3.98035e-05
42.0000	0.000462813	42.0000	0.000489206
43.0000	0.00379580	43.0000	0.00405088
44.0000	0.0210911	44.0000	0.0228019
45.0000	0.0803287	45.0000	0.0884268
46.0000	0.213487	46.0000	0.241190
47.0000	0.407030	47.0000	0.477748
48.0000	0.580829	48.0000	0.721272
49.0000	0.659352	49.0000	0.887453
50.0000	0.642385	50.0000	0.961745
51.0000	0.578130	51.0000	0.982180
52.0000	0.505248	52.0000	0.983826
53.0000	0.438337	53.0000	0.981351
54.0000	0.379833	54.0000	0.978301
55.0000	0.329096	55.0000	0.975208
56.0000	0.285134	56.0000	0.972120
57.0000	0.247045	57.0000	0.969043
58.0000	0.214043	58.0000	0.965975
59.0000	0.185450	59.0000	0.962917
60.0000	0.160677	60.0000	0.959868
61.0000	0.139213	61.0000	0.956830
62.0000	0.120616	62.0000	0.953800
63.0000	0.104504	63.0000	0.950781
64.0000	0.0905434	64.0000	0.947771
65.0000	0.0784482	65.0000	0.944770
66.0000	0.0679687	66.0000	0.941779
67.0000	0.0588891	67.0000	0.938798
68.0000	0.0510224	68.0000	0.935826
69.0000	0.0442065	69.0000	0.932863
70.0000	0.0383012	70.0000	0.929910
71.0000	0.0331847	71.0000	0.926966
72.0000	0.0287518	72.0000	0.924031
73.0000	0.0249110	73.0000	0.921106
74.0000	0.0215832	74.0000	0.918190
75.0000	0.0187000	75.0000	0.915283
76.0000	0.0162020	76.0000	0.912385
77.0000	0.0140376	77.0000	0.909497
78.0000	0.0121624	78.0000	0.906617
79.0000	0.0105377	79.0000	0.903747
80.0000	0.00913003	80.0000	0.900886
81.0000	0.00791039	81.0000	0.898034
82.0000	0.00685368	82.0000	0.895191
83.0000	0.00593813	83.0000	0.892357
84.0000	0.00514489	84.0000	0.889532
85.0000	0.00445761	85.0000	0.886716
86.0000	0.00386214	86.0000	0.883909
87.0000	0.00334621	87.0000	0.881110
88.0000	0.00289921	88.0000	0.878321
89.0000	0.00251192	89.0000	0.875540
90.0000	0.00217636	90.0000	0.872768
91.0000	0.00188563	91.0000	0.870005
92.0000	0.00163374	92.0000	0.867251
93.0000	0.00141550	93.0000	0.864505
94.0000	0.00122641	94.0000	0.861768
95.0000	0.00106258	95.0000	0.859040
96.0000	0.000920634	96.0000	0.856321
97.0000	0.000797651	97.0000	0.853610
98.0000	0.000691097	98.0000	0.850907
99.0000	0.000598777	99.0000	0.848213
100.000	0.000518789	100.000	0.845528
101.000	0.000449487	101.000	0.842851
102.000	0.000389442	102.000	0.840183
103.000	0.000337418	103.000	0.837523
104.000	0.000292344	104.000	0.834872
105.000	0.000253292	105.000	0.832228
106.000	0.000219456	106.000	0.829594
107.000	0.000190140	107.000	0.826967
108.000	0.000164740	108.000	0.824349
109.000	0.000142733	109.000	0.821740
110.000	0.000123666	110.000	0.819138
111.000	0.000107146	111.000	0.816545
112.000	9.28330e-05	112.000	0.813960
113.000	8.04319e-05	113.000	0.811383
114.000	6.96874e-05	114.000	0.808814
115.000	6.03782e-05	115.000	0.806254
116.000	5.23126e-05	116.000	0.803701
117.000	4.53244e-05	117.000	0.801157
118.000	3.92697e-05	118.000	0.798620
119.000	3.40239e-05	119.000	0.796092
120.000	2.94788e-05	120.000	0.793572
121.000	2.55409e-05	121.000	0.791059
122.000	2.21290e-05	122.000	0.788555
123.000	1.91729e-05	123.000	0.786059
124.000	1.66117e-05	124.000	0.783570
125.000	1.43926e-05	125.000	0.781089
126.000	1.24700e-05	126.000	0.778617
127.000	1.08042e-05	127.000	0.776152
128.000	9.36090e-06	128.000	0.773694
129.000	8.11042e-06	129.000	0.771245
130.000	7.02699e-06	130.000	0.768803
