XConc1	Conc1	XConc2	Conc2
0.00000	6.30583e-141	0.00000	6.38006e-141
1.00000	3.87629e-135	1.00000	3.92290e-135
2.00000	1.79480e-129	2.00000	1.81685e-129
3.00000	6.25963e-124	3.00000	6.33827e-124
4.00000	1.64446e-118	4.00000	1.66559e-118
5.00000	3.25426e-113	5.00000	3.29705e-113
6.00000	4.85113e-108	6.00000	4.91645e-108
7.00000	5.44762e-103	7.00000	5.52278e-103
8.00000	4.60847e-98	8.00000	4.67365e-98
9.00000	2.93701e-93	9.00000	2.97962e-93
10.0000	1.41015e-88	10.0000	1.43115e-88
11.0000	5.10097e-84	11.0000	5.17900e-84
12.0000	1.39022e-79	12.0000	1.41208e-79
13.0000	2.85480e-75	13.0000	2.90098e-75
14.0000	4.41719e-71	14.0000	4.49075e-71
15.0000	5.15011e-67	15.0000	5.23850e-67
16.0000	4.52490e-63	16.0000	4.60500e-63
17.0000	2.99605e-59	17.0000	3.05080e-59
18.0000	1.49507e-55	18.0000	1.52331e-55
19.0000	5.62313e-52	19.0000	5.73301e-52
20.0000	1.59415e-48	20.0000	1.62642e-48
21.0000	3.40684e-45	21.0000	3.47837e-45
22.0000	5.48891e-42	22.0000	5.60860e-42
23.0000	6.66769e-39	23.0000	6.81891e-39
24.0000	6.10759e-36	24.0000	6.25188e-36
25.0000	4.21915e-33	25.0000	4.32316e-33
26.0000	2.19838e-30	26.0000	2.25504e-30
27.0000	8.64122e-28	27.0000	8.87451e-28
28.0000	2.56284e-25	28.0000	2.63548e-25
29.0000	5.73636e-23	29.0000	5.90745e-23
30.0000	9.69225e-21	30.0000	9.99727e-21
31.0000	1.23654e-18	31.0000	1.27772e-18
32.0000	1.19162e-16	32.0000	1.23375e-16
33.0000	8.67706e-15	33.0000	9.00393e-15
34.0000	4.77662e-13	34.0000	4.96912e-13
35.0000	1.98894e-11	35.0000	2.07508e-11
36.0000	6.26850e-10	36.0000	6.56179e-10
37.0000	1.49660e-08	37.0000	1.57269e-08
38.0000	2.70948e-07	38.0000	2.86020e-07
39.0000	3.72442e-06	39.0000	3.95290e-06
40.0000	3.89340e-05	40.0000	4.15923e-05
41.0000	0.000310176	41.0000	0.000334003
42.0000	0.00188844	42.0000	0.00205375
43.0000	0.00881923	43.0000	0.00971248
44.0000	0.0317548	44.0000	0.0355441
45.0000	0.0887852	45.0000	0.101538
46.0000	0.194728	46.0000	0.229245
47.0000	0.339933	47.0000	0.416401
48.0000	0.482238	48.0000	0.623984
49.0000	0.572232	49.0000	0.797936
50.0000	0.589675	50.0000	0.907507
51.0000	0.550963	51.0000	0.958487
52.0000	0.486403	52.0000	0.974691
53.0000	0.418349	53.0000	0.976360
54.0000	0.356529	54.0000	0.973624
55.0000	0.303107	55.0000	0.969913
56.0000	0.257568	56.0000	0.966052
57.0000	0.218855	57.0000	0.962185
58.0000	0.185959	58.0000	0.958333
59.0000	0.158007	59.0000	0.954495
60.0000	0.134257	60.0000	0.950673
61.0000	0.114077	61.0000	0.946867
62.0000	0.0969300	62.0000	0.943075
63.0000	0.0823605	63.0000	0.939299
64.0000	0.0699809	64.0000	0.935538
65.0000	0.0594620	65.0000	0.931792
66.0000	0.0505243	66.0000	0.928061
67.0000	0.0429300	67.0000	0.924345
68.0000	0.0364772	68.0000	0.920644
69.0000	0.0309943	69.0000	0.916957
70.0000	0.0263355	70.0000	0.913285
71.0000	0.0223770	71.0000	0.909628
72.0000	0.0190136	72.0000	0.905986
73.0000	0.0161556	73.0000	0.902358
74.0000	0.0137273	74.0000	0.898745
75.0000	0.0116639	75.0000	0.895147
76.0000	0.00991072	76.0000	0.891562
77.0000	0.00842104	77.0000	0.887992
78.0000	0.00715527	78.0000	0.884437
79.0000	0.00607976	79.0000	0.880895
80.0000	0.00516592	80.0000	0.877368
81.0000	0.00438943	81.0000	0.873855
82.0000	0.00372965	82.0000	0.870356
83.0000	0.00316905	83.0000	0.866871
84.0000	0.00269271	84.0000	0.863399
85.0000	0.00228797	85.0000	0.859942
86.0000	0.00194406	86.0000	0.856499
87.0000	0.00165185	87.0000	0.853069
88.0000	0.00140356	88.0000	0.849654
89.0000	0.00119259	89.0000	0.846251
90.0000	0.00101333	90.0000	0.842863
91.0000	0.000861019	91.0000	0.839488
92.0000	0.000731599	92.0000	0.836126
93.0000	0.000621632	93.0000	0.832778
94.0000	0.000528195	94.0000	0.829444
95.0000	0.000448802	95.0000	0.826123
96.0000	0.000381342	96.0000	0.822815
97.0000	0.000324023	97.0000	0.819520
98.0000	0.000275319	98.0000	0.816238
99.0000	0.000233936	99.0000	0.812970
100.000	0.000198773	100.000	0.809715
101.000	0.000168895	101.000	0.806473
102.000	0.000143509	102.000	0.803243
103.000	0.000121938	103.000	0.800027
104.000	0.000103609	104.000	0.796823
105.000	8.80359e-05	105.000	0.793633
106.000	7.48032e-05	106.000	0.790455
107.000	6.35595e-05	107.000	0.787290
108.000	5.40059e-05	108.000	0.784137
109.000	4.58883e-05	109.000	0.780998
110.000	3.89908e-05	110.000	0.777870
111.000	3.31301e-05	111.000	0.774756
112.000	2.81503e-05	112.000	0.771653
113.000	2.39190e-05	113.000	0.768564
114.000	2.03238e-05	114.000	0.765486
115.000	1.72689e-05	115.000	0.762421
116.000	1.46732e-05	116.000	0.759368
117.000	1.24677e-05	117.000	0.756327
118.000	1.05937e-05	118.000	0.753299
119.000	9.00133e-06	119.000	0.750283
120.000	7.64834e-06	120.000	0.747278
121.000	6.49872e-06	121.000	0.744286
122.000	5.52189e-06	122.000	0.741306
123.000	4.69190e-06	123.000	0.738338
124.000	3.98666e-06	124.000	0.735381
125.000	3.38742e-06	125.000	0.732437
126.000	2.87826e-06	126.000	0.729504
127.000	2.44563e-06	127.000	0.726583
128.000	2.07803e-06	128.000	0.723673
129.000	1.76568e-06	129.000	0.720776
130.000	1.50028e-06	130.000	0.717889
