XDAS1	DAS1	XDAS2	DAS2
0.00000	-0.00143014	0.00000	1.36658e-05
1.00000	7.70269e-06	1.00000	0.000197245
2.00000	0.00117875	2.00000	0.000958182
3.00000	-0.00283298	3.00000	0.000404777
4.00000	-0.0118945	4.00000	0.000448009
5.00000	-0.00959555	5.00000	-0.000593139
6.00000	-0.00327083	6.00000	-0.00133302
7.00000	-0.000517759	7.00000	-0.00135587
8.00000	-0.00177206	8.00000	-0.000244539
9.00000	-0.00712102	9.00000	-0.000213376
10.0000	-0.00891702	10.0000	0.000412758
11.0000	-0.00545438	11.0000	0.00153046
12.0000	4.70349e-05	12.0000	0.000290760
13.0000	0.00319099	13.0000	-0.000380978
14.0000	0.00634162	14.0000	-0.00249549
15.0000	0.00376060	15.0000	-0.00111429
16.0000	-0.00103492	16.0000	-0.00145417
17.0000	-0.00507415	17.0000	-0.000917554
18.0000	0.00126093	18.0000	-0.00256067
19.0000	0.00540893	19.0000	-0.00272725
20.0000	0.00469357	20.0000	-0.00104902
21.0000	0.00239369	21.0000	-0.000503456
22.0000	0.000499544	22.0000	-0.000830274
23.0000	0.000966851	23.0000	0.000405151
24.0000	0.00132625	24.0000	-0.000578568
25.0000	0.00226999	25.0000	0.00217609
26.0000	0.00264859	26.0000	0.00204488
27.0000	0.000603398	27.0000	0.000108429
28.0000	-0.000294602	28.0000	-0.00201606
29.0000	0.00284707	29.0000	-0.00181663
30.0000	0.00608167	30.0000	-0.000323642
31.0000	0.00729609	31.0000	-0.000312472
32.0000	0.00426769	32.0000	0.000235405
33.0000	-0.00216462	33.0000	0.000992521
34.0000	0.000277498	34.0000	-0.000142046
35.0000	-0.00401127	35.0000	-9.96784e-05
36.0000	-0.00263882	36.0000	0.000954814
37.0000	-0.00599652	37.0000	0.00104032
38.0000	-0.00785155	38.0000	0.00253623
39.0000	-0.00727936	39.0000	0.00126424
40.0000	-0.00162081	40.0000	4.65432e-05
41.0000	-0.00383133	41.0000	-0.000797679
42.0000	-0.00385438	42.0000	-6.81525e-05
43.0000	-0.00398634	43.0000	-0.00146169
44.0000	-0.00282119	44.0000	-0.00266568
45.0000	-0.00446346	45.0000	-0.00233325
46.0000	0.000312002	46.0000	-0.00416501
47.0000	-0.00200897	47.0000	-0.00327034
48.0000	2.85771e-05	48.0000	-0.00131518
49.0000	-0.00275447	49.0000	0.00207987
50.0000	0.000888995	50.0000	0.000865506
51.0000	-0.00684938	51.0000	-0.00351734
52.0000	-0.00487788	52.0000	-0.00419361
53.0000	-0.00235009	53.0000	-0.00176580
54.0000	-0.00102820	54.0000	-0.00196593
55.0000	-0.00459062	55.0000	-0.00128218
56.0000	-0.00519959	56.0000	-0.00118177
57.0000	-0.00675296	57.0000	-0.000221032
58.0000	-0.00476665	58.0000	-0.000608499
59.0000	-0.00465234	59.0000	-0.000314617
60.0000	-0.00487258	60.0000	-0.00174233
61.0000	-0.00627671	61.0000	-0.00106001
62.0000	-0.00624793	62.0000	-0.000444137
63.0000	-0.00951211	63.0000	0.000348011
64.0000	-0.00555111	64.0000	0.00190934
65.0000	-0.00560428	65.0000	0.000240220
66.0000	-0.00424807	66.0000	-0.00253435
67.0000	-0.00513265	67.0000	-0.000309145
68.0000	-0.00294291	68.0000	-0.00130409
69.0000	-0.00380173	69.0000	-0.00118108
70.0000	-0.00870208	70.0000	-0.000424166
71.0000	-0.00645064	71.0000	5.04516e-05
72.0000	-0.00967750	72.0000	6.88578e-06
73.0000	-0.00151292	73.0000	0.000170301
74.0000	-0.00362073	74.0000	0.00142700
75.0000	-0.00301243	75.0000	-0.00107441
76.0000	-0.00712290	76.0000	0.000309978
77.0000	-0.00665585	77.0000	-0.00287443
78.0000	-0.00503529	78.0000	-0.00169242
79.0000	-0.00398021	79.0000	-0.00250080
80.0000	-0.00353906	80.0000	-0.00330423
81.0000	-0.00487986	81.0000	-0.000601927
82.0000	-0.00500269	82.0000	0.00105490
83.0000	-0.00807181	83.0000	0.000520834
84.0000	-0.00469436	84.0000	-0.00189581
85.0000	-0.00645357	85.0000	-0.00220249
86.0000	-0.00450710	86.0000	-0.00115285
87.0000	-0.00784515	87.0000	0.00247611
88.0000	-0.00576371	88.0000	0.00153313
89.0000	-0.00647464	89.0000	0.00128997
90.0000	-0.00433512	90.0000	0.000274051
91.0000	-0.00449015	91.0000	-0.000575608
92.0000	0.00122411	92.0000	-0.000134539
93.0000	-0.00112386	93.0000	-0.00101563
94.0000	-0.00426483	94.0000	-0.00386557
95.0000	-0.00513247	95.0000	-0.00414023
96.0000	-0.00208220	96.0000	-0.00205498
97.0000	0.00170744	97.0000	0.000470704
98.0000	-0.000836223	98.0000	-0.000316590
99.0000	-0.00624469	99.0000	0.000215122
100.000	-0.00651471	100.000	0.000126574
101.000	-0.00159161	101.000	-0.000505400
102.000	0.00269735	102.000	-0.00150869
103.000	0.00211237	103.000	-0.00359916
104.000	-0.000827682	104.000	-0.00293316
105.000	-0.00386506	105.000	-0.00231199
106.000	-0.00588009	106.000	-0.000422308
107.000	-0.00304614	107.000	-0.000487666
108.000	0.00120538	108.000	0.00132701
109.000	-0.000646365	109.000	-0.00104252
110.000	0.000816277	110.000	0.00106753
111.000	8.65821e-05	111.000	-0.00302399
112.000	-0.00347968	112.000	-0.00154656
113.000	-0.00245692	113.000	-0.00230586
114.000	-0.00539282	114.000	-0.00263078
115.000	-0.00535244	115.000	-0.00121290
116.000	-0.00401089	116.000	-0.00112680
117.000	-0.00381977	117.000	0.00157413
118.000	-0.00138812	118.000	-0.00208497
119.000	-0.000505768	119.000	-0.00294733
120.000	-0.00220107	120.000	-0.00360614
121.000	-0.00296501	121.000	-0.00466031
122.000	-0.00285434	122.000	-0.00409360
123.000	-0.00377437	123.000	-0.00337918
124.000	-0.00676215	124.000	-0.00238339
125.000	-0.00713287	125.000	-0.00118159
126.000	-0.00322439	126.000	-0.00133775
127.000	-0.00526330	127.000	0.000423440
128.000	-0.00420279	128.000	0.00160048
129.000	-0.00504985	129.000	-0.00130657
130.000	-0.00505997	130.000	-0.00148988
131.000	-0.00387862	131.000	-0.00165484
132.000	-0.00685127	132.000	-0.000680575
133.000	-0.00352482	133.000	-1.55658e-05
134.000	-0.00596014	134.000	0.00118179
135.000	-0.00354914	135.000	0.000417006
136.000	-0.00654531	136.000	0.00158097
137.000	-0.00387210	137.000	0.00188531
138.000	-0.00327541	138.000	0.00104309
139.000	-0.00598308	139.000	0.000860587
140.000	-0.00218109	140.000	-0.00242826
141.000	0.00118831	141.000	-0.00239331
142.000	0.00452196	142.000	-0.00104074
143.000	0.00263932	143.000	-0.000660611
144.000	0.00264961	144.000	-0.000470005
145.000	-0.000596600	145.000	-0.000860422
146.000	-0.00329749	146.000	-0.000685370
147.000	-0.00716583	147.000	-0.00143488
148.000	-0.00535042	148.000	-0.00198267
149.000	-0.00646579	149.000	-0.00119113
150.000	-0.00337977	150.000	-0.000407030
151.000	-0.00310370	151.000	0.000100729
152.000	-0.00283668	152.000	-0.000559748
153.000	-0.00416701	153.000	-0.00123518
154.000	-0.00248072	154.000	-0.00228601
155.000	-0.000742012	155.000	-0.00330612
156.000	0.00204943	156.000	-0.00262576
157.000	0.00112773	157.000	0.00172133
158.000	0.00153761	158.000	0.00395601
159.000	-0.00264288	159.000	0.00261465
160.000	1.66285e-05	160.000	-0.00109109
161.000	-0.00123025	161.000	-0.00382999
162.000	0.000146470	162.000	-0.00399587
163.000	-0.00197690	163.000	-0.00493867
164.000	0.000863130	164.000	-0.00474023
165.000	-0.00112504	165.000	-0.00344380
166.000	-0.00138507	166.000	0.000783208
167.000	-0.00336212	167.000	0.00145951
168.000	-0.00279581	168.000	0.00130766
169.000	-0.00499218	169.000	-0.000618689
170.000	-0.00374926	170.000	-0.000251205
171.000	-0.00803958	171.000	0.000649083
172.000	-0.00775775	172.000	0.00105828
173.000	-0.00795210	173.000	0.00447398
174.000	-0.00273128	174.000	0.00283911
175.000	-0.00251762	175.000	0.00146513
176.000	-0.00218135	176.000	-0.000571144
177.000	-0.000608501	177.000	-0.00144352
178.000	0.00314111	178.000	-0.00265405
179.000	7.51203e-05	179.000	-0.00248252
180.000	-0.00339870	180.000	-0.00372520
181.000	-0.00610334	181.000	-0.00381011
182.000	-0.00437354	182.000	-0.00264673
183.000	-0.00131170	183.000	-0.00188290
184.000	-0.000404304	184.000	0.000707830
185.000	-0.000325713	185.000	0.00103891
186.000	-0.00242916	186.000	0.000304409
187.000	-0.00183673	187.000	-0.00233844
188.000	-0.00359858	188.000	-0.000355151
189.000	-0.00472469	189.000	-0.000608024
190.000	-0.00518295	190.000	-0.000253155
191.000	-0.00618907	191.000	-0.000821808
192.000	-0.00485860	192.000	-0.000446657
193.000	-0.00405846	193.000	-0.000967458
194.000	-0.00360465	194.000	-0.000797571
195.000	-0.000691340	195.000	-0.00135903
196.000	-0.000409980	196.000	-0.00159647
197.000	-0.00159202	197.000	-0.000987780
198.000	-0.00228487	198.000	-0.000527287
199.000	-0.00843037	199.000	-0.000245509
200.000	-0.00517653	200.000	-0.000757406
201.000	-0.00480249	201.000	-0.000953666
202.000	0.00203245	202.000	0.000461410
203.000	0.00321617	203.000	-0.00264053
204.000	0.00358853	204.000	-0.00263238
205.000	-0.00622953	205.000	-0.00210701
206.000	-0.00618007	206.000	-0.00189453
207.000	-0.00617093	207.000	-0.00103552
208.000	-0.00314843	208.000	-0.000756713
209.000	-0.00112087	209.000	-0.000643241
210.000	0.00234763	210.000	-0.00402663
211.000	0.00153131	211.000	-0.00132314
212.000	0.00327161	212.000	0.000341561
213.000	-0.000549496	213.000	0.000241604
214.000	-0.00207275	214.000	-0.000862561
215.000	-0.00332512	215.000	-0.000531751
216.000	-0.00434110	216.000	-0.00108814
217.000	-0.00273017	217.000	0.00130814
218.000	-0.00398379	218.000	0.000802284
219.000	-0.00148063	219.000	0.00167229
220.000	-0.00362879	220.000	-0.000222628
221.000	-0.00349436	221.000	0.000211502
222.000	-0.00277383	222.000	0.000519106
223.000	0.00338717	223.000	-0.00117624
224.000	0.00219838	224.000	-0.00290606
225.000	-0.00108204	225.000	-0.00414859
226.000	-0.00449472	226.000	-0.00384901
227.000	-0.000105039	227.000	-0.00149842
228.000	-0.000131084	228.000	-0.00121807
229.000	-0.000820725	229.000	-0.00112729
230.000	-0.00322926	230.000	-0.00162448
231.000	-0.00102696	231.000	-0.00150961
232.000	-0.000480475	232.000	-0.00272336
233.000	-0.00220685	233.000	-0.00243029
234.000	-0.00156378	234.000	-0.00226258
235.000	0.00188149	235.000	-0.000816159
236.000	0.00196863	236.000	0.00129387
237.000	-0.000839838	237.000	0.00110623
238.000	-0.00404114	238.000	-0.000114009
239.000	-0.00364992	239.000	-0.000243865
240.000	-0.000110063	240.000	-9.45476e-05
241.000	0.00138896	241.000	0.000668109
242.000	0.00129742	242.000	-0.00226291
243.000	-0.00124706	243.000	-0.00122215
244.000	-0.00201865	244.000	-0.00166186
245.000	-0.000996762	245.000	-0.00205672
246.000	-0.000796741	246.000	-0.00336409
247.000	-0.00198794	247.000	-0.00243207
248.000	-0.00267560	248.000	-0.000269705
249.000	0.000116993	249.000	-0.000724146
250.000	0.00178169	250.000	-9.72156e-05
251.000	0.00392122	251.000	0.000137670
252.000	-0.00139672	252.000	0.00101567
253.000	-0.00400651	253.000	-0.000964542
254.000	-0.00489479	254.000	-0.000539772
255.000	-0.00105657	255.000	-0.00211995
256.000	-0.00367170	256.000	-0.000879416
257.000	0.000503372	257.000	-1.36238e-05
258.000	-0.00648895	258.000	-0.000804284
259.000	-0.00359358	259.000	-0.000261597
260.000	-0.00545818	260.000	-0.000497729
261.000	-0.00145339	261.000	-0.000452711
262.000	-0.00325076	262.000	0.000814171
263.000	-0.00175250	263.000	0.00244491
264.000	-0.00226446	264.000	0.00284806
265.000	0.00344182	265.000	-0.00218714
266.000	0.00257075	266.000	-0.00206803
267.000	-0.000972729	267.000	-0.000645370
268.000	0.000881308	268.000	-0.00175741
269.000	0.00101628	269.000	-0.000482032
270.000	0.00482220	270.000	-0.00180337
271.000	0.00205213	271.000	-0.000194239
272.000	0.00223276	272.000	-0.00203930
273.000	-0.00130103	273.000	-0.00114550
274.000	-0.00556151	274.000	-0.000638870
275.000	-0.00629640	275.000	0.000842509
276.000	-0.00574230	276.000	0.00140149
277.000	-0.00394132	277.000	0.00198241
278.000	-0.00588629	278.000	0.000444363
279.000	-0.00341308	279.000	-0.000412243
280.000	-0.00328639	280.000	0.000920040
281.000	-0.00141234	281.000	0.000797796
282.000	-0.00333981	282.000	-1.28647e-05
283.000	-0.00340711	283.000	-0.00223505
284.000	-0.00254381	284.000	-0.00196453
285.000	-0.000576870	285.000	-0.00246065
286.000	0.000853665	286.000	-0.00211567
287.000	0.000482237	287.000	-0.00214310
288.000	0.00170831	288.000	-0.00270752
289.000	0.00207179	289.000	-0.00435502
290.000	0.00255387	290.000	-0.00256534
291.000	0.00151287	291.000	2.77251e-05
292.000	-0.00129334	292.000	-0.000986625
293.000	-0.00557974	293.000	9.13684e-05
294.000	-0.00671447	294.000	-0.00163125
295.000	-0.00495519	295.000	-0.000678718
296.000	-0.00107733	296.000	-0.00155511
297.000	-0.000165139	297.000	-1.19749e-05
298.000	0.000404397	298.000	-0.000194065
299.000	0.000951297	299.000	-0.00286385
300.000	0.00136508	300.000	-0.00265821
301.000	0.000659353	301.000	-0.00352572
302.000	-0.00180276	302.000	-0.00230512
303.000	-0.00163082	303.000	-0.00162122
304.000	-0.00383333	304.000	-0.00214469
305.000	-0.00213158	305.000	-0.00120232
306.000	-0.00231869	306.000	-0.00228135
307.000	-0.00392707	307.000	-6.55192e-05
308.000	-0.00449141	308.000	0.000503777
309.000	-0.00261040	309.000	-0.000581915
310.000	-0.00318167	310.000	-0.000352893
311.000	-0.00454184	311.000	0.00153336
312.000	-0.00566734	312.000	0.00173744
313.000	-0.00611087	313.000	-0.000888175
314.000	-0.00440706	314.000	-0.00231946
315.000	-0.000241612	315.000	-0.000615674
316.000	-0.00181028	316.000	0.00181648
317.000	-0.00383368	317.000	0.00281666
318.000	-0.00389365	318.000	0.00108162
319.000	-0.00189072	319.000	0.00184490
320.000	0.00266039	320.000	0.00111633
321.000	0.00264775	321.000	0.000942565
322.000	0.00224337	322.000	0.000403791
323.000	-0.00203727	323.000	0.00121488
324.000	-0.00219998	324.000	0.000830660
325.000	-0.00403940	325.000	-0.00142563
326.000	-0.00363232	326.000	-0.00247195
327.000	-0.00393017	327.000	0.000872700
328.000	-0.00548500	328.000	0.00242096
329.000	-0.00484271	329.000	0.00198549
330.000	-0.00862476	330.000	0.000196141
331.000	-0.00636063	331.000	-0.00150697
332.000	-0.00789539	332.000	-0.00150301
333.000	-0.00613933	333.000	-0.000397963
334.000	-0.00478338	334.000	-0.000505160
335.000	-0.00416919	335.000	0.000579983
336.000	-0.00381489	336.000	-0.000415364
337.000	-0.00327556	337.000	-0.000847940
338.000	-0.000953814	338.000	-0.00277856
339.000	-0.00236468	339.000	-0.000880221
340.000	-0.00235038	340.000	-0.000130027
341.000	-0.00189496	341.000	2.99900e-05
342.000	-0.00215581	342.000	-0.00194082
343.000	-0.00122315	343.000	-0.000173319
344.000	-0.000328663	344.000	-0.000639709
345.000	0.000367607	345.000	2.74377e-05
346.000	0.00128063	346.000	-0.000499202
347.000	-0.00169564	347.000	-0.00131625
348.000	-0.00158271	348.000	-0.000928867
349.000	0.00115881	349.000	-0.00175825
350.000	0.00179328	350.000	-0.00131955
351.000	0.000244312	351.000	-0.00321682
352.000	-0.00394219	352.000	-0.00155024
353.000	-0.00525461	353.000	-0.000583685
354.000	-0.00343029	354.000	0.00192834
355.000	-0.00136081	355.000	0.000485124
356.000	0.00159532	356.000	-0.000885950
357.000	0.000134660	357.000	-0.00152878
358.000	-0.00100230	358.000	-0.00165241
359.000	-0.00346004	359.000	-0.000779237
360.000	-0.00355869	360.000	0.000296660
361.000	-0.00486598	361.000	0.00160115
362.000	-0.00351453	362.000	0.000326623
363.000	-0.000602338	363.000	-0.000273805
364.000	-0.00182194	364.000	-0.000787782
365.000	-0.00350698	365.000	-0.00145802
366.000	-0.00387337	366.000	-0.00304731
367.000	-0.00204301	367.000	-0.00326255
368.000	-0.00157030	368.000	-0.00337098
369.000	-0.00101919	369.000	-0.00340089
370.000	-0.00165355	370.000	-0.00318678
371.000	-0.000263073	371.000	-0.00155649
372.000	-0.00230317	372.000	0.00146567
373.000	-0.00325743	373.000	0.000500701
374.000	0.00107061	374.000	-0.000518754
375.000	0.00108997	375.000	-0.00137974
376.000	0.00137342	376.000	0.00133939
377.000	-0.00449444	377.000	0.00164488
378.000	-0.00231688	378.000	-0.000212825
379.000	0.000388294	379.000	-0.00180383
380.000	0.00310316	380.000	-0.00131814
381.000	2.69909e-05	381.000	-0.000912074
382.000	-0.00266837	382.000	-0.000469800
383.000	-0.00236324	383.000	-0.00123693
384.000	0.000339526	384.000	-0.00124585
385.000	-0.000724089	385.000	0.000821656
386.000	-0.000702951	386.000	-0.00108490
387.000	-0.00386725	387.000	0.000157166
388.000	-0.00306603	388.000	-0.00126842
389.000	-0.00491678	389.000	-0.000603761
390.000	-0.00398102	390.000	-0.000589818
391.000	-0.00224515	391.000	-0.000127482
392.000	-0.000688331	392.000	-0.000731124
393.000	0.00119045	393.000	0.000654429
394.000	0.00132295	394.000	0.000205446
395.000	-0.00135395	395.000	-0.000900074
396.000	-0.00470400	396.000	-0.00194668
397.000	-0.00187986	397.000	-0.00109307
398.000	-0.000294199	398.000	-0.000321665
399.000	-0.000569142	399.000	0.000373743
400.000	-0.00157765	400.000	0.000840969
401.000	7.69511e-05	401.000	-0.000194196
402.000	-0.000399993	402.000	-0.00278370
403.000	-0.00386927	403.000	-0.00184710
404.000	-0.00474026	404.000	-0.000377738
405.000	-0.00371144	405.000	0.000475895
406.000	-0.00337624	406.000	-0.000232403
407.000	-0.00336850	407.000	0.000247958
408.000	-0.00312763	408.000	-0.00121565
409.000	-0.00101354	409.000	-0.00251548
410.000	-0.000842899	410.000	-0.00346642
411.000	-0.00144957	411.000	-0.00224425
412.000	-0.00208734	412.000	-0.00184194
413.000	-0.00235293	413.000	0.000196323
414.000	0.00160200	414.000	0.000842296
415.000	0.000240903	415.000	0.000788461
416.000	-0.000933502	416.000	-3.26845e-05
417.000	-0.000891077	417.000	-0.00119139
418.000	-0.000949015	418.000	-0.00149820
419.000	-0.00289825	419.000	-0.00222703
420.000	-0.00639581	420.000	-0.00129506
421.000	-0.00520328	421.000	0.000294196
422.000	-0.00401591	422.000	0.000681377
423.000	-0.00115527	423.000	0.000399196
424.000	-0.000350538	424.000	-0.000326601
425.000	-0.00126305	425.000	-0.000134253
426.000	0.000479969	426.000	0.000209359
427.000	0.000946689	427.000	-0.000169002
428.000	0.00251010	428.000	-0.00209160
429.000	0.000497678	429.000	-0.00158571
430.000	-0.00307507	430.000	-0.00199395
431.000	-0.00493293	431.000	-0.000133818
432.000	-0.00420280	432.000	-0.000358701
433.000	-0.00549983	433.000	-0.00103146
434.000	-0.00549403	434.000	-0.000816048
435.000	-0.00461428	435.000	-0.000370783
436.000	-0.00485232	436.000	0.00115362
437.000	-0.000603114	437.000	-0.000553693
438.000	-0.00419310	438.000	-0.00105487
439.000	-0.00112647	439.000	-0.000999170
440.000	-0.000885471	440.000	-0.000438047
441.000	-0.00100587	441.000	-0.00167295
442.000	-0.00148909	442.000	-0.00109753
443.000	-0.00185353	443.000	-0.00245937
444.000	-0.00144921	444.000	-0.00412162
445.000	0.00107182	445.000	-0.00297808
446.000	0.00197860	446.000	-0.00180160
447.000	2.03729e-05	447.000	0.000609550
448.000	-0.00128012	448.000	0.000716513
449.000	-0.000433646	449.000	0.000846638
450.000	-0.000422836	450.000	-0.000544759
451.000	-0.00290125	451.000	-0.000652840
452.000	-0.00175107	452.000	-0.00267730
453.000	-0.00201612	453.000	-0.00252498
454.000	0.00176066	454.000	-0.00231406
455.000	0.000517915	455.000	-0.00167565
456.000	0.000609897	456.000	-0.00170795
457.000	-0.000888009	457.000	-0.000841745
458.000	-0.000367745	458.000	-0.00130435
459.000	0.000505867	459.000	-0.000101807
460.000	-0.000912004	460.000	-0.000309637
461.000	-0.00113107	461.000	-0.000737029
462.000	-0.00284857	462.000	-0.00218624
463.000	-0.00362053	463.000	-0.00113297
464.000	-0.00556577	464.000	-0.000960699
465.000	-0.00550486	465.000	-0.000671926
466.000	-0.00582087	466.000	0.00128592
467.000	-0.00539754	467.000	0.000534687
468.000	-0.00204107	468.000	0.000380905
469.000	-0.000208658	469.000	-0.000183723
470.000	-0.000722434	470.000	0.000411199
471.000	-0.000442132	471.000	-0.000535128
472.000	-0.00192293	472.000	0.00129838
473.000	-0.000451449	473.000	0.000442264
474.000	-0.00332916	474.000	-0.000714793
475.000	-0.00350444	475.000	-0.00168371
476.000	-0.00382653	476.000	-0.00207333
477.000	-0.00279957	477.000	0.000574525
478.000	0.00108437	478.000	-0.00157095
479.000	-0.000905152	479.000	-0.00160090
480.000	0.00130423	480.000	-0.00370975
481.000	0.00254800	481.000	-0.000353204
482.000	0.00551817	482.000	0.000535479
483.000	0.00865679	483.000	-0.00106522
484.000	0.00229643	484.000	-0.000834813
485.000	0.00104338	485.000	-0.000659141
486.000	-0.00145151	486.000	0.00222152
487.000	-0.000648388	487.000	0.00346392
488.000	-0.000623984	488.000	0.00117441
489.000	-0.000126570	489.000	-0.00100338
490.000	-0.00313196	490.000	-0.000670160
491.000	-0.00301721	491.000	-0.000128792
492.000	-0.00609370	492.000	9.55172e-05
493.000	-0.00217802	493.000	-0.000836662
494.000	-0.000634603	494.000	-0.00123119
495.000	-0.000157783	495.000	-0.000632935
496.000	5.04080e-05	496.000	0.000635672
497.000	-0.00346041	497.000	-0.000212462
498.000	-0.00192600	498.000	0.00134639
499.000	-0.00450123	499.000	-1.59963e-05
500.000	-0.00389020	500.000	-0.000730423
501.000	-0.00527910	501.000	-0.00291138
502.000	-0.00438626	502.000	-0.00230701
503.000	-0.00228337	503.000	-0.00146005
504.000	0.00120888	504.000	-0.00139944
505.000	0.000720153	505.000	-0.00199656
506.000	-0.00240716	506.000	-0.00134611
507.000	-0.00178613	507.000	-0.00101666
508.000	-0.00192585	508.000	-0.000475675
509.000	-0.000487208	509.000	-0.000484856
510.000	0.00103706	510.000	0.000289387
511.000	-0.000527048	511.000	0.000531083
512.000	0.00225367	512.000	-0.000196147
513.000	-0.00428417	513.000	-0.00163605
514.000	-0.00515682	514.000	-0.00166740
515.000	-0.00399797	515.000	-0.00228997
516.000	-0.00224138	516.000	-0.00105630
517.000	0.00155283	517.000	-0.000708596
518.000	0.00353396	518.000	-0.000274711
519.000	0.00446818	519.000	-6.40712e-05
520.000	0.00426156	520.000	-0.00154604
521.000	0.00115816	521.000	-0.000982815
522.000	-0.00269602	522.000	-6.18375e-06
523.000	-0.00274595	523.000	0.00126520
524.000	-0.00227645	524.000	0.00240613
525.000	-0.000354774	525.000	0.000911916
526.000	-0.000664736	526.000	-0.000931129
527.000	0.00157440	527.000	-0.00121711
528.000	0.00107708	528.000	-0.000329187
529.000	0.00299775	529.000	0.00121575
530.000	0.00170093	530.000	0.000106413
531.000	0.00105266	531.000	-0.000578933
532.000	-0.00115734	532.000	-0.000417074
533.000	0.000852063	533.000	-0.000765682
534.000	0.000819403	534.000	-0.00143919
535.000	-0.000933956	535.000	-0.00253903
536.000	-0.00420844	536.000	-0.00394322
537.000	-0.00351807	537.000	-0.00280290
538.000	-0.00107272	538.000	-0.00267222
539.000	-0.00178929	539.000	-0.000850069
540.000	-0.00119030	540.000	-0.00103017
541.000	0.00154572	541.000	-0.00187416
542.000	0.00262708	542.000	-0.00242628
543.000	0.00246766	543.000	-0.00369639
544.000	-0.000371301	544.000	-0.00396610
545.000	-0.00429388	545.000	-0.00428620
546.000	-0.00616571	546.000	-0.00297547
547.000	-0.00259309	547.000	-0.00382752
548.000	-0.00107729	548.000	-0.00529513
549.000	0.00108784	549.000	-0.00478944
550.000	0.000857790	550.000	-0.00143078
551.000	-0.00186944	551.000	-0.000484599
552.000	-0.00517308	552.000	0.000423667
553.000	-0.00241826	553.000	-0.000116897
554.000	-0.00274598	554.000	-0.000635079
555.000	-0.00201149	555.000	-0.00185814
556.000	-0.00429989	556.000	-0.00283142
557.000	-0.000729211	557.000	-0.00175369
558.000	0.00123562	558.000	-0.00191413
559.000	-0.00234413	559.000	-0.00110899
560.000	-0.000154333	560.000	-0.00263434
561.000	0.00111228	561.000	-0.00269223
562.000	0.00203171	562.000	0.000390853
563.000	0.00114104	563.000	0.00324841
564.000	-0.00101796	564.000	0.00195566
565.000	-0.00204295	565.000	-0.000277577
566.000	-0.00262957	566.000	0.000277445
567.000	-0.00388073	567.000	0.000966437
568.000	-0.00437186	568.000	0.00392718
569.000	-0.00198176	569.000	0.000917327
570.000	-0.00290461	570.000	0.000223424
571.000	-0.00330081	571.000	0.000957719
572.000	-0.00516964	572.000	0.000372886
573.000	-0.00351044	573.000	-0.000207813
574.000	0.00299768	574.000	-0.00202765
575.000	0.00284161	575.000	-0.00116260
576.000	0.000603012	576.000	-0.00211466
577.000	0.000270942	577.000	0.000844916
578.000	-0.00142620	578.000	0.000406384
579.000	5.12435e-05	579.000	0.00246972
580.000	0.000917688	580.000	0.000933919
581.000	0.00519336	581.000	0.00171385
582.000	0.00487145	582.000	0.00135342
583.000	0.00212951	583.000	0.000220617
584.000	-0.00254148	584.000	0.000251200
585.000	-0.00253487	585.000	-0.000408938
586.000	-0.00332885	586.000	0.000460807
587.000	-0.00516596	587.000	0.00152112
588.000	-0.00307516	588.000	0.000845894
589.000	-0.00188782	589.000	-0.000623767
590.000	-0.00155087	590.000	-0.000952827
591.000	-0.00122430	591.000	-0.00326014
592.000	-0.00253353	592.000	-0.00340894
593.000	0.00123584	593.000	-0.00308186
594.000	-0.000386587	594.000	-0.00277847
595.000	0.00169768	595.000	-0.00275252
596.000	-0.000517065	596.000	-0.00187095
597.000	-0.00264433	597.000	-0.000692547
598.000	-0.00297282	598.000	0.00156986
599.000	-0.00374184	599.000	-0.000133679
600.000	-0.000943539	600.000	-0.00208716
601.000	-0.00253798	601.000	-0.00297761
602.000	-0.00195718	602.000	-0.00221562
603.000	-0.00722489	603.000	-0.000745390
604.000	-0.00523721	604.000	-0.00165511
605.000	-0.00509564	605.000	-0.00190181
606.000	-0.00497209	606.000	-0.00195163
607.000	-0.00339983	607.000	-0.000956502
608.000	0.00111479	608.000	-0.000929572
609.000	0.00218523	609.000	-0.00164962
610.000	0.00223740	610.000	-0.00115641
611.000	-0.00490984	611.000	0.000840188
612.000	-0.00674529	612.000	-3.43425e-05
613.000	-0.00874574	613.000	-0.000565234
614.000	-0.00734092	614.000	0.000527745
615.000	-0.00805676	615.000	0.00142788
616.000	-0.00722545	616.000	0.000461957
617.000	-0.00636735	617.000	-0.000681822
618.000	-0.00220075	618.000	-0.00196172
619.000	-0.00213424	619.000	-0.00146570
620.000	0.00211852	620.000	-0.00156373
621.000	-0.00194820	621.000	-0.00153434
622.000	-0.00237731	622.000	-0.00149607
623.000	-0.00535269	623.000	-0.00206191
624.000	-0.00684105	624.000	-0.00181674
625.000	-0.00423469	625.000	-0.00212116
626.000	-0.00446611	626.000	0.000373581
627.000	-0.00213678	627.000	-0.000380703
628.000	-0.00406893	628.000	0.000724467
629.000	-0.00406503	629.000	0.000607601
630.000	-0.00178659	630.000	-0.00179224
631.000	-0.00236419	631.000	-0.00165833
632.000	0.000543973	632.000	-0.000787371
633.000	0.000732624	633.000	-0.000230327
634.000	-0.000989292	634.000	0.00167395
635.000	0.00210479	635.000	-0.000250314
636.000	-0.00142085	636.000	-0.000531273
637.000	-0.00386424	637.000	0.000653783
638.000	-0.00632834	638.000	0.000177549
639.000	-0.00400771	639.000	9.64017e-05
640.000	-0.00340506	640.000	-0.00280605
641.000	-0.00443586	641.000	-0.00299197
642.000	-0.00463823	642.000	-0.00327522
643.000	-0.00326335	643.000	-0.00277075
644.000	-0.00264145	644.000	-0.00367134
645.000	-0.00381032	645.000	-0.00238984
646.000	-0.00161331	646.000	-0.000295328
647.000	-0.00450580	647.000	9.86984e-05
648.000	-0.00659546	648.000	0.000880697
649.000	-0.00724695	649.000	-0.000676746
650.000	0.00185555	650.000	-0.000269601
651.000	-0.000938036	651.000	0.000105898
652.000	-0.000647674	652.000	0.00103823
653.000	-0.00184328	653.000	0.000375957
654.000	-0.00309240	654.000	-0.00161389
655.000	-0.00388269	655.000	-0.00198136
656.000	-0.00571127	656.000	-0.00287843
657.000	-0.00727457	657.000	-0.00180113
658.000	-0.00584762	658.000	-0.00237470
659.000	-0.00213859	659.000	-0.00113883
660.000	-0.000192961	660.000	-0.00254159
661.000	0.00353893	661.000	-0.00259087
662.000	0.00440530	662.000	-0.00166116
663.000	0.00343134	663.000	-0.00216320
664.000	-0.00178957	664.000	-0.00177141
665.000	-0.00354558	665.000	-0.00100019
666.000	-0.00427132	666.000	-0.000250888
667.000	-0.00308660	667.000	-0.000573444
668.000	-0.00644580	668.000	0.000179949
669.000	-0.00766734	669.000	0.000322208
670.000	-0.00857634	670.000	0.000375463
671.000	-0.00575728	671.000	-0.00112563
672.000	-0.00520774	672.000	-0.000286358
673.000	-0.00425740	673.000	-0.00167632
674.000	-0.00396066	674.000	-0.00173885
675.000	-0.00402639	675.000	-0.00303560
676.000	-0.00231375	676.000	-0.00459407
677.000	-0.00189464	677.000	-0.00323150
678.000	-0.00386395	678.000	-0.00107203
679.000	-0.00286604	679.000	0.000504626
680.000	3.77265e-05	680.000	-0.00131691
681.000	0.00148822	681.000	0.000525599
682.000	0.00196168	682.000	0.00321265
683.000	0.00171745	683.000	0.00171610
684.000	0.000728020	684.000	-0.000786306
685.000	-0.00254043	685.000	-0.000802121
686.000	-0.00523217	686.000	-0.000622646
687.000	-0.00488738	687.000	2.30372e-05
688.000	-6.18554e-06	688.000	0.000687269
689.000	0.00145040	689.000	-0.00105914
690.000	-0.00225158	690.000	-5.39947e-06
691.000	-0.00643755	691.000	-0.000628490
692.000	-0.00647240	692.000	-0.000497323
693.000	-0.00386703	693.000	-0.00126047
694.000	-0.00244353	694.000	-0.00365790
695.000	-0.00352273	695.000	-0.00292405
696.000	-0.00331631	696.000	-0.00181651
697.000	-0.00131261	697.000	-0.000914181
698.000	0.000414692	698.000	-0.00104899
699.000	0.000430623	699.000	-0.00249526
700.000	-0.00365882	700.000	-0.00354293
701.000	-0.00707522	701.000	-0.00361271
702.000	-0.00634714	702.000	-0.00236642
703.000	-0.00351041	703.000	-0.00199565
704.000	-0.000482528	704.000	-0.00241052
705.000	-0.000437214	705.000	-0.00118463
706.000	-0.00478465	706.000	-0.000232861
707.000	-0.00606181	707.000	-0.000198203
708.000	-0.00493769	708.000	0.000274329
709.000	-0.00680676	709.000	-4.10760e-05
710.000	-0.00966680	710.000	0.00115117
711.000	-0.00627783	711.000	0.000671837
712.000	-0.00814082	712.000	0.00202263
713.000	-0.00933306	713.000	0.00250568
714.000	-0.0102948	714.000	0.000682248
715.000	-0.0107731	715.000	-0.00218041
716.000	-0.00626411	716.000	0.000196069
717.000	-0.00636831	717.000	-0.00163257
718.000	-0.00521895	718.000	-0.00154566
719.000	-0.00433691	719.000	-0.00319545
720.000	-0.00191947	720.000	-0.00237282
721.000	-0.000559235	721.000	-0.00163824
722.000	0.00128423	722.000	-0.00183411
723.000	-0.00168240	723.000	-0.00173910
724.000	-0.00311721	724.000	-0.00262927
725.000	-0.00680473	725.000	-0.00283834
726.000	-0.00784532	726.000	-0.00101917
727.000	-0.00735835	727.000	-0.00204432
728.000	-0.00626387	728.000	-0.00269754
729.000	-0.00347104	729.000	-0.00287107
730.000	-0.00236192	730.000	-0.000903336
731.000	-0.00520056	731.000	-0.00172533
732.000	-0.00707581	732.000	-0.00154027
733.000	-0.00727343	733.000	-0.00183685
734.000	-0.00708052	734.000	-0.00227118
735.000	-0.00682289	735.000	-0.000856496
736.000	-0.0122963	736.000	-0.00258389
737.000	-0.0109427	737.000	-0.00244482
738.000	-0.00916642	738.000	-0.00699302
739.000	-0.00636739	739.000	-0.00348467
740.000	-0.00768542	740.000	-0.00335625
741.000	-0.00733820	741.000	0.00150537
742.000	-0.0102686	742.000	-0.00111122
743.000	-0.00956782	743.000	-0.00116681
744.000	-0.0138975	744.000	-0.00146030
745.000	-0.0103527	745.000	-0.00282482
746.000	-0.0120746	746.000	-0.00341537
747.000	-0.00513233	747.000	-0.00414674
748.000	-0.0108358	748.000	-0.00366661
749.000	-0.00990929	749.000	-0.00285242
750.000	-0.0142516	750.000	-0.00402494
751.000	-0.0116693	751.000	-0.00464357
752.000	-0.0112411	752.000	-0.00779301
753.000	-0.0154401	753.000	-0.00526203
754.000	-0.0132211	754.000	-0.00401113
755.000	-0.0122060	755.000	-0.00260908
756.000	-0.0127727	756.000	-0.00243948
757.000	-0.0151767	757.000	-0.00426503
758.000	-0.0125905	758.000	-0.00183981
759.000	-0.0112570	759.000	-0.00405694
760.000	-0.00876893	760.000	-0.00415951
761.000	-0.0116295	761.000	-0.00524922
762.000	-0.0134115	762.000	-0.00484417
763.000	-0.0150573	763.000	-0.00529020
764.000	-0.0136035	764.000	-0.00487866
765.000	-0.0118163	765.000	-0.00454562
766.000	-0.0104764	766.000	-0.00430029
767.000	-0.0113356	767.000	-0.00484717
768.000	-0.0112262	768.000	-0.00386340
769.000	-0.0185104	769.000	-0.00529026
770.000	-0.0161209	770.000	-0.00537651
771.000	-0.0127054	771.000	-0.00510426
772.000	-0.0119490	772.000	-0.00599688
773.000	-0.0135388	773.000	-0.00753721
774.000	-0.0170501	774.000	-0.00881613
775.000	-0.0157681	775.000	-0.00612087
776.000	-0.0181805	776.000	-0.00435853
777.000	-0.0149054	777.000	-0.00540134
778.000	-0.0164121	778.000	-0.00573029
779.000	-0.0177569	779.000	-0.00418130
780.000	-0.0147669	780.000	-0.00228520
781.000	-0.00807925	781.000	-0.00542004
782.000	-0.0110748	782.000	-0.00718594
783.000	-0.0215825	783.000	-0.00699529
784.000	-0.0230579	784.000	-0.00319650
785.000	-0.0251326	785.000	-0.00651034
786.000	-0.0229202	786.000	-0.00731530
787.000	-0.0273972	787.000	-0.00874374
788.000	-0.0263639	788.000	-0.00628505
789.000	-0.0316997	789.000	-0.00530608
790.000	-0.0319815	790.000	-0.00372580
791.000	-0.0334388	791.000	-0.00572210
792.000	-0.0227686	792.000	-0.00301387
793.000	-0.0222392	793.000	-0.00457641
794.000	-0.0204579	794.000	-0.00433586
795.000	-0.0229717	795.000	-0.00659306
796.000	-0.0262469	796.000	-0.00545419
797.000	-0.0287431	797.000	-0.00566150
798.000	-0.0297938	798.000	-0.00699260
799.000	-0.0237054	799.000	-0.00364484
800.000	-0.0224552	800.000	-0.00485786
801.000	-0.0217246	801.000	-0.00438630
802.000	-0.0288690	802.000	-0.00581948
803.000	-0.0278488	803.000	-0.00575651
804.000	-0.0294937	804.000	-0.00557952
805.000	-0.0300171	805.000	-0.00625423
806.000	-0.0246836	806.000	-0.00820951
807.000	-0.0226323	807.000	-0.0102336
808.000	-0.0224147	808.000	-0.00860443
809.000	-0.0295196	809.000	-0.00807307
810.000	-0.0253147	810.000	-0.00795107
811.000	-0.0218108	811.000	-0.00922169
812.000	-0.0185889	812.000	-0.00788564
813.000	-0.0231211	813.000	-0.00749857
814.000	-0.0269548	814.000	-0.0101411
815.000	-0.0283213	815.000	-0.0112828
816.000	-0.0335019	816.000	-0.00851437
817.000	-0.0358453	817.000	-0.00649616
818.000	-0.0331830	818.000	-0.00718169
819.000	-0.0306805	819.000	-0.00730007
820.000	-0.0266652	820.000	-0.00684469
821.000	-0.0236808	821.000	-0.00779533
822.000	-0.0217113	822.000	-0.00552823
823.000	-0.0215119	823.000	-0.00858921
824.000	-0.0203004	824.000	-0.00837066
825.000	-0.0197009	825.000	-0.0102045
826.000	-0.0209918	826.000	-0.0123364
827.000	-0.0237744	827.000	-0.0108780
828.000	-0.0270157	828.000	-0.0128783
829.000	-0.0276147	829.000	-0.0129216
830.000	-0.0282216	830.000	-0.0122040
831.000	-0.0294605	831.000	-0.00945953
832.000	-0.0256568	832.000	-0.00805079
833.000	-0.0197440	833.000	-0.00859328
834.000	-0.0213002	834.000	-0.00866521
835.000	-0.0126355	835.000	-0.0121700
836.000	-0.0170160	836.000	-0.0105610
837.000	-0.0229706	837.000	-0.00784096
838.000	-0.0312220	838.000	-0.00461172
839.000	-0.0320378	839.000	-0.00465653
840.000	-0.0300149	840.000	-0.00697734
841.000	-0.0311406	841.000	-0.00968017
842.000	-0.0318640	842.000	-0.0118267
843.000	-0.0370807	843.000	-0.0119342
844.000	-0.0328103	844.000	-0.00952451
845.000	-0.0289448	845.000	-0.00662457
846.000	-0.0282150	846.000	-0.00597468
847.000	-0.0277241	847.000	-0.00681270
848.000	-0.0293766	848.000	-0.00755742
849.000	-0.0293728	849.000	-0.00787040
850.000	-0.0286942	850.000	-0.00966719
851.000	-0.0300605	851.000	-0.00971478
852.000	-0.0281845	852.000	-0.00792308
853.000	-0.0264893	853.000	-0.00879267
854.000	-0.0350605	854.000	-0.00630130
855.000	-0.0344849	855.000	-0.00765858
856.000	-0.0361674	856.000	-0.00654880
857.000	-0.0302097	857.000	-0.00705527
858.000	-0.0339427	858.000	-0.00905297
859.000	-0.0306328	859.000	-0.00810915
860.000	-0.0358348	860.000	-0.00635602
861.000	-0.0319058	861.000	-0.00818997
862.000	-0.0322592	862.000	-0.00962262
863.000	-0.0355622	863.000	-0.00927657
864.000	-0.0382853	864.000	-0.00694795
865.000	-0.0356180	865.000	-0.00889497
866.000	-0.0386953	866.000	-0.00468895
867.000	-0.0347576	867.000	-0.00961319
868.000	-0.0369078	868.000	-0.0112145
869.000	-0.0331161	869.000	-0.0161322
870.000	-0.0305835	870.000	-0.0168574
871.000	-0.0361222	871.000	-0.0153671
872.000	-0.0402062	872.000	-0.00685475
873.000	-0.0425534	873.000	-0.00806039
874.000	-0.0358826	874.000	-0.00868147
875.000	-0.0338321	875.000	-0.0100768
876.000	-0.0305617	876.000	-0.00966011
877.000	-0.0371914	877.000	-0.0104950
878.000	-0.0371652	878.000	-0.00976630
879.000	-0.0368186	879.000	-0.00941430
880.000	-0.0371599	880.000	-0.00995314
881.000	-0.0308107	881.000	-0.00753918
882.000	-0.0309959	882.000	-0.00671111
883.000	-0.0344152	883.000	-0.00536057
884.000	-0.0332351	884.000	-0.00686381
885.000	-0.0263946	885.000	-0.00661970
886.000	-0.0231622	886.000	-0.00712409
887.000	-0.0323566	887.000	-0.00900123
888.000	-0.0347507	888.000	-0.00928233
889.000	-0.0315931	889.000	-0.00326233
890.000	-0.0346158	890.000	-0.00525668
891.000	-0.0315297	891.000	-0.00619684
892.000	-0.0373342	892.000	-0.00682827
893.000	-0.0380223	893.000	-0.00775463
894.000	-0.0386567	894.000	-0.0122694
895.000	-0.0314318	895.000	-0.0125291
896.000	-0.0284652	896.000	-0.00921763
897.000	-0.0295277	897.000	-0.00621281
898.000	-0.0310280	898.000	-0.00754673
899.000	-0.0323975	899.000	-0.00824411
900.000	-0.0337184	900.000	-0.00745103
901.000	-0.0405071	901.000	-0.00668056
902.000	-0.0417867	902.000	-0.00707629
903.000	-0.0324682	903.000	-0.0101643
904.000	-0.0313809	904.000	-0.00900324
905.000	-0.0208829	905.000	-0.00714365
906.000	-0.0254318	906.000	-0.00802518
907.000	-0.0333752	907.000	-0.00739944
908.000	-0.0335302	908.000	-0.00672573
909.000	-0.0380511	909.000	-0.00767659
910.000	-0.0327700	910.000	-0.00912195
911.000	-0.0385741	911.000	-0.00815352
912.000	-0.0382691	912.000	-0.00738730
913.000	-0.0361589	913.000	-0.00464269
914.000	-0.0317538	914.000	-0.00738517
915.000	-0.0284443	915.000	-0.00959416
916.000	-0.0260820	916.000	-0.0123041
917.000	-0.0256079	917.000	-0.0121591
918.000	-0.0277933	918.000	-0.00713620
919.000	-0.0309225	919.000	-0.00498033
920.000	-0.0344846	920.000	-0.00267991
921.000	-0.0250092	921.000	-0.00454792
922.000	-0.0256813	922.000	-0.00425343
923.000	-0.0288002	923.000	-0.00444637
924.000	-0.0303873	924.000	-0.00574502
925.000	-0.0289766	925.000	-0.00899433
926.000	-0.0243972	926.000	-0.00922189
927.000	-0.0279277	927.000	-0.00874553
928.000	-0.0310961	928.000	-0.0101350
929.000	-0.0331654	929.000	-0.0100057
930.000	-0.0294565	930.000	-0.0123134
931.000	-0.0268608	931.000	-0.0113607
932.000	-0.0257294	932.000	-0.00927310
933.000	-0.0200229	933.000	-0.00718031
934.000	-0.0253437	934.000	-0.00543335
935.000	-0.0253810	935.000	-0.00438911
936.000	-0.0316018	936.000	-0.00485657
937.000	-0.0287597	937.000	-0.00483755
938.000	-0.0282439	938.000	-0.00583634
939.000	-0.0251235	939.000	-0.00471718
940.000	-0.0240265	940.000	-0.00358324
941.000	-0.0249395	941.000	-0.00465291
942.000	-0.0254377	942.000	-0.00248588
943.000	-0.0234664	943.000	-0.00765967
944.000	-0.0186898	944.000	-0.00865053
945.000	-0.0192848	945.000	-0.0120638
946.000	-0.0195524	946.000	-0.00812722
947.000	-0.0237541	947.000	-0.00984635
948.000	-0.0212328	948.000	-0.00845497
949.000	-0.0245317	949.000	-0.00902021
950.000	-0.0254285	950.000	-0.00941268
951.000	-0.0236990	951.000	-0.0104045
952.000	-0.0186643	952.000	-0.0114110
953.000	-0.0203588	953.000	-0.0109179
954.000	-0.0197475	954.000	-0.00632670
955.000	-0.0213548	955.000	-0.00247864
956.000	-0.0201868	956.000	0.00117380
957.000	-0.0230509	957.000	-0.000842784
958.000	-0.0206341	958.000	-0.00398593
959.000	-0.0196826	959.000	-0.00763670
960.000	-0.0240128	960.000	-0.00669742
961.000	-0.0287570	961.000	-0.00680821
962.000	-0.0263009	962.000	-0.00733273
963.000	-0.0221887	963.000	-0.00636606
964.000	-0.0169478	964.000	-0.00490797
965.000	-0.0226111	965.000	-0.00263251
966.000	-0.0157112	966.000	-0.00456156
967.000	-0.0195644	967.000	-0.00550709
968.000	-0.0180979	968.000	-0.00560689
969.000	-0.0178884	969.000	-0.00263203
970.000	-0.0173202	970.000	-0.00814997
971.000	-0.0214065	971.000	-0.00782107
972.000	-0.0201197	972.000	-0.00600596
973.000	-0.0115747	973.000	-0.00385594
974.000	-0.00385564	974.000	-0.00198082
975.000	-0.00543843	975.000	-0.00269488
976.000	-0.00823561	976.000	-0.00616610
977.000	-0.0106423	977.000	-0.00299925
978.000	-0.0143923	978.000	-0.00320964
979.000	-0.0136363	979.000	-0.00198383
980.000	-0.0142848	980.000	-0.00423174
981.000	-0.0126329	981.000	-0.00546724
982.000	-0.0143777	982.000	-0.00412547
983.000	-0.0106851	983.000	-0.00413571
984.000	-0.00965638	984.000	-0.00545483
985.000	-0.0105130	985.000	-0.00811609
986.000	-0.0138730	986.000	-0.00414305
987.000	-0.0153656	987.000	-0.00248644
988.000	-0.0144218	988.000	-0.00102208
989.000	-0.00706856	989.000	-0.00433893
990.000	-0.00633060	990.000	-0.00503066
991.000	-0.00522889	991.000	-0.00462673
992.000	-0.00513498	992.000	-0.00363532
993.000	-0.00911881	993.000	-0.00302218
994.000	-0.00590983	994.000	-0.00256924
995.000	-0.00865615	995.000	-0.000633972
996.000	-0.00788899	996.000	-0.000960534
997.000	-0.00926502	997.000	-0.00242591
998.000	-0.00390790	998.000	-0.00529181
999.000	-0.00584317	999.000	-0.00588361
1000.00	-0.00572389	1000.00	-0.00361876
1001.00	-0.00794953	1001.00	-0.00329774
1002.00	-0.00943322	1002.00	-0.000683201
1003.00	-0.00644093	1003.00	-0.00166887
1004.00	-0.00857199	1004.00	-0.00184041
1005.00	-0.0106414	1005.00	-0.00325524
1006.00	-0.0117622	1006.00	-0.00118442
1007.00	-0.00788266	1007.00	8.91814e-05
1008.00	-0.00215696	1008.00	-0.000442694
1009.00	0.00345755	1009.00	-0.000854179
1010.00	0.00482619	1010.00	-0.000626208
1011.00	0.00302931	1011.00	-0.000712754
1012.00	-0.000462727	1012.00	-0.00358241
1013.00	-0.000557085	1013.00	-0.00213445
1014.00	-0.00207776	1014.00	-0.00305404
1015.00	-0.00567490	1015.00	-0.00181713
1016.00	-0.0103879	1016.00	-0.00252974
1017.00	-0.00743005	1017.00	-0.00328677
1018.00	-0.00489129	1018.00	-0.00110828
1019.00	-0.00539360	1019.00	-0.00192337
1020.00	-0.00504390	1020.00	0.00182460
1021.00	-0.00632612	1021.00	-0.000600678
1022.00	-0.00101697	1022.00	-0.00132664
1023.00	-0.00245676	1023.00	-0.00159534
1024.00	-0.00180597	1024.00	-0.00161987
1025.00	-0.00165396	1025.00	-0.00137811
1026.00	-0.000876703	1026.00	-0.00211272
1027.00	0.000775083	1027.00	-0.00138783
1028.00	-0.000252460	1028.00	-0.00233771
1029.00	9.66918e-05	1029.00	-0.00185592
1030.00	-0.00382527	1030.00	-0.00139978
1031.00	-0.00542921	1031.00	-0.00329255
1032.00	-0.00600587	1032.00	-0.00274691
1033.00	-0.00634064	1033.00	-0.00189345
1034.00	-0.00510989	1034.00	-0.00122727
1035.00	-0.00553494	1035.00	-0.00150540
1036.00	-0.00285654	1036.00	-0.00158601
1037.00	-0.00530707	1037.00	-0.00266911
1038.00	-0.00309881	1038.00	-0.00361782
1039.00	-0.00478340	1039.00	-0.00407237
1040.00	-0.00423791	1040.00	-0.00190458
1041.00	-0.00346201	1041.00	-0.00132029
1042.00	-0.000109664	1042.00	-0.00140969
1043.00	-0.00237416	1043.00	-0.00210421
1044.00	-0.00151036	1044.00	-0.00222337
1045.00	-0.00270778	1045.00	-0.000625592
1046.00	0.000676354	1046.00	-0.000700590
1047.00	0.00220732	1047.00	0.000577236
1048.00	0.00283377	1048.00	0.000326317
1049.00	0.00191022	1049.00	0.000554822
1050.00	0.00123814	1050.00	-0.00167938
1051.00	-0.000210566	1051.00	-0.00180385
1052.00	-0.00217053	1052.00	-0.00141078
1053.00	-0.00592155	1053.00	-0.000439657
1054.00	-0.00118101	1054.00	0.000210613
1055.00	-0.00118534	1055.00	0.000878639
1056.00	-0.000482050	1056.00	-4.90595e-05
1057.00	-0.00356350	1057.00	-0.00141193
1058.00	0.000412738	1058.00	-0.00126906
1059.00	0.000251038	1059.00	-0.000864900
1060.00	0.00131189	1060.00	0.000483826
1061.00	-0.000839756	1061.00	-0.00146685
1062.00	0.000204141	1062.00	-0.00237298
1063.00	-0.00200002	1063.00	-0.00259112
1064.00	-0.00158921	1064.00	0.000509934
1065.00	-0.00150537	1065.00	6.98319e-05
1066.00	0.000336274	1066.00	-0.000223099
1067.00	0.00133518	1067.00	-0.00154932
1068.00	0.00207234	1068.00	-0.00201461
1069.00	0.000758295	1069.00	-0.00168623
1070.00	-0.000557531	1070.00	-0.00227460
1071.00	0.000634366	1071.00	-0.00296743
1072.00	0.00168162	1072.00	-0.00194443
1073.00	-0.00129612	1073.00	-0.00122416
1074.00	0.00184747	1074.00	0.000771585
1075.00	0.000241121	1075.00	-0.000574066
1076.00	0.000514759	1076.00	-0.00103309
1077.00	-0.00178667	1077.00	-0.00118472
1078.00	-0.00200442	1078.00	0.00162746
1079.00	-0.00221312	1079.00	0.00297549
1080.00	0.00116573	1080.00	0.00369295
1081.00	0.00263024	1081.00	0.00294589
1082.00	-0.00257136	1082.00	0.00236189
1083.00	-0.000363187	1083.00	0.000790639
1084.00	-0.00100494	1084.00	0.00103583
1085.00	0.00219813	1085.00	0.000467121
1086.00	0.00427894	1086.00	0.000779562
1087.00	0.00501195	1087.00	0.00103156
1088.00	0.00232725	1088.00	0.00193241
1089.00	0.00288069	1089.00	-0.00301018
1090.00	5.00520e-05	1090.00	-0.00117357
1091.00	0.00436349	1091.00	-0.00262216
1092.00	0.00202423	1092.00	-0.00109110
1093.00	0.000916884	1093.00	-8.72167e-05
1094.00	-0.00105712	1094.00	0.00149183
1095.00	-0.00142661	1095.00	0.00146988
1096.00	0.000776970	1096.00	4.75843e-05
1097.00	0.000117622	1097.00	-0.000315675
1098.00	0.00274009	1098.00	-0.000321787
1099.00	0.00191848	1099.00	-0.000433524
1100.00	-0.000133208	1100.00	-0.000630331
1101.00	-0.00160398	1101.00	-0.000381319
1102.00	-0.00309552	1102.00	0.00137642
1103.00	-0.00160253	1103.00	0.00135973
1104.00	-0.00181605	1104.00	-0.00132468
1105.00	-0.000489905	1105.00	-0.00171423
1106.00	0.00215757	1106.00	-0.000139059
1107.00	0.00154802	1107.00	0.000801180
1108.00	-0.00138305	1108.00	-0.000434544
1109.00	-0.00349863	1109.00	-0.00101643
1110.00	-0.00239873	1110.00	-0.000948575
1111.00	0.00143643	1111.00	-0.00125690
1112.00	0.00334968	1112.00	-0.000411377
1113.00	0.00476499	1113.00	-0.000608475
1114.00	0.00297970	1114.00	0.000713906
1115.00	0.00124409	1115.00	-0.00143528
1116.00	0.00233734	1116.00	-0.00114786
1117.00	0.000792742	1117.00	-0.00143619
1118.00	-0.000682669	1118.00	-0.00119325
1119.00	-0.00203006	1119.00	-0.00194838
1120.00	-0.00104478	1120.00	-0.00215118
1121.00	-0.00123179	1121.00	-0.000870662
1122.00	-0.00126924	1122.00	0.000274833
1123.00	-0.00167615	1123.00	-0.000103140
1124.00	0.000247092	1124.00	-6.60673e-05
1125.00	-0.00277243	1125.00	-0.000409383
1126.00	-0.000928442	1126.00	0.00210242
1127.00	-0.000246967	1127.00	-0.000260296
1128.00	0.00194029	1128.00	0.00124782
1129.00	0.000860300	1129.00	-0.00165778
1130.00	9.47726e-05	1130.00	-0.000324601
1131.00	0.00218224	1131.00	-0.000848748
1132.00	0.00184882	1132.00	-0.000111802
1133.00	0.000962853	1133.00	-4.50894e-05
1134.00	-0.00145549	1134.00	-0.000393987
1135.00	-0.00138870	1135.00	-0.000257836
1136.00	-0.00124582	1136.00	-0.00196311
1137.00	0.00162294	1137.00	-0.00291346
1138.00	0.000876292	1138.00	-0.00244675
1139.00	0.000138370	1139.00	-0.00105611
1140.00	0.00168517	1140.00	-0.00106372
1141.00	0.00146741	1141.00	-6.33595e-05
1142.00	-0.000212594	1142.00	-0.000342287
1143.00	-0.00229230	1143.00	0.000120915
1144.00	-0.00271843	1144.00	9.14369e-05
1145.00	-0.000584190	1145.00	-0.00113208
1146.00	0.00142317	1146.00	-0.00263589
1147.00	0.00223729	1147.00	-0.00287232
1148.00	0.000892718	1148.00	-0.00139083
1149.00	5.45725e-05	1149.00	7.96136e-05
1150.00	0.000936337	1150.00	0.000147135
1151.00	0.00112421	1151.00	-0.000650860
1152.00	0.00365396	1152.00	-0.000340619
1153.00	0.00344972	1153.00	-0.000828627
1154.00	0.00401698	1154.00	-0.000160771
1155.00	0.00367768	1155.00	0.000429104
1156.00	0.00209675	1156.00	0.000631853
1157.00	0.00126621	1157.00	-0.000762101
1158.00	0.00129474	1158.00	-0.00112278
1159.00	0.00135584	1159.00	-0.00109004
1160.00	0.00215920	1160.00	-0.000597748
1161.00	0.000616598	1161.00	-0.00103826
1162.00	0.00124159	1162.00	-0.000934138
1163.00	-1.73052e-05	1163.00	-0.000105810
1164.00	0.000180088	1164.00	0.000323115
1165.00	-0.00249263	1165.00	-0.000126019
1166.00	-0.00379998	1166.00	-0.00113000
1167.00	-0.00340079	1167.00	-0.00173705
1168.00	-0.00127375	1168.00	-0.00134729
1169.00	9.57751e-05	1169.00	-0.000781630
1170.00	0.000852392	1170.00	-0.000527694
1171.00	0.000655929	1171.00	0.000177116
1172.00	0.000792727	1172.00	0.000755763
1173.00	-0.00275979	1173.00	0.000677638
1174.00	-0.00245345	1174.00	-0.000460772
1175.00	-0.00257608	1175.00	0.000340576
1176.00	-0.000336662	1176.00	-2.82339e-05
1177.00	-0.00363556	1177.00	9.21477e-05
1178.00	-0.00112452	1178.00	-0.00132745
1179.00	-0.00346537	1179.00	-0.00151856
1180.00	0.00134161	1180.00	-0.00236564
1181.00	0.00209727	1181.00	-0.00146213
1182.00	0.00107908	1182.00	-0.000224240
1183.00	0.000869844	1183.00	0.00154761
1184.00	0.000197275	1184.00	-9.01733e-05
1185.00	0.000176514	1185.00	5.34606e-05
1186.00	-0.000779804	1186.00	0.000435312
1187.00	-0.000285576	1187.00	0.000668208
1188.00	-0.000578011	1188.00	0.000413553
1189.00	0.00183197	1189.00	-0.000372071
1190.00	0.00212429	1190.00	-0.00239902
1191.00	0.00196604	1191.00	-0.00143672
1192.00	-0.00133018	1192.00	0.000679090
1193.00	-0.00125503	1193.00	0.000482918
1194.00	-0.000521461	1194.00	-0.000785225
1195.00	0.000581821	1195.00	-0.00159148
1196.00	-0.000965289	1196.00	-0.00105073
1197.00	0.000215433	1197.00	-0.000874446
1198.00	0.00169216	1198.00	-0.00185214
1199.00	0.00350671	1199.00	-0.00253732
1200.00	0.00289080	1200.00	-0.00157312
1201.00	-0.00181630	1201.00	-0.00121940
1202.00	-0.00210592	1202.00	-0.000912789
1203.00	-0.00155997	1203.00	-0.000786552
1204.00	-6.66270e-06	1204.00	-0.00112809
1205.00	-0.000643457	1205.00	-0.000890773
1206.00	-0.00207449	1206.00	0.000627122
1207.00	-0.000509073	1207.00	0.00163600
1208.00	0.00106638	1208.00	0.000329682
1209.00	0.000966020	1209.00	-0.00104994
1210.00	-0.00136125	1210.00	-0.00204759
1211.00	0.000500868	1211.00	-0.00241018
1212.00	0.00232660	1212.00	-0.00127070
1213.00	0.00183574	1213.00	-0.000611344
1214.00	0.000441896	1214.00	0.000202207
1215.00	0.00141068	1215.00	-0.00142727
1216.00	0.00213251	1216.00	-0.00230678
1217.00	0.00280011	1217.00	-0.00260431
1218.00	0.00226516	1218.00	-0.00243632
1219.00	0.000375696	1219.00	-0.000745924
1220.00	0.00169164	1220.00	-0.00139832
1221.00	-0.00139382	1221.00	-0.000582751
1222.00	-0.00233440	1222.00	0.000496650
1223.00	0.000391173	1223.00	0.000204049
1224.00	0.000621522	1224.00	-5.40138e-05
1225.00	0.00102934	1225.00	-0.00162773
1226.00	-0.00318138	1226.00	-0.00158818
1227.00	-0.00187347	1227.00	-0.000294633
1228.00	-0.00195079	1228.00	-0.000262304
1229.00	5.58122e-05	1229.00	-0.00130173
1230.00	-0.000873937	1230.00	-0.000493900
1231.00	-3.41042e-05	1231.00	-0.000641238
1232.00	-0.00118498	1232.00	0.00148256
1233.00	0.000123118	1233.00	0.000781109
1234.00	0.000268039	1234.00	0.000229344
1235.00	-0.000354713	1235.00	-0.00152778
1236.00	0.00167341	1236.00	-0.000853456
1237.00	0.00115400	1237.00	-0.000331219
1238.00	0.00188401	1238.00	0.000680179
1239.00	0.00109976	1239.00	0.00108288
1240.00	-0.00329049	1240.00	0.00108640
1241.00	-0.00190029	1241.00	0.000295895
1242.00	-0.00352458	1242.00	0.00109401
1243.00	-0.000970478	1243.00	0.000129697
1244.00	-0.000380819	1244.00	-0.00108936
1245.00	0.000220005	1245.00	-0.00250975
1246.00	0.000275220	1246.00	-0.00315766
1247.00	-0.00119395	1247.00	-0.00159875
1248.00	-0.00122590	1248.00	-0.00125218
1249.00	-0.00103105	1249.00	6.86760e-05
1250.00	0.000335391	1250.00	-0.000148677
1251.00	0.000616091	1251.00	-0.000425562
1252.00	-0.00235625	1252.00	8.53837e-05
1253.00	-0.00443838	1253.00	0.000501112
1254.00	-0.00195078	1254.00	0.000374146
1255.00	0.00352988	1255.00	4.97080e-05
1256.00	0.00249791	1256.00	-0.000861622
1257.00	-0.00254150	1257.00	0.000297140
1258.00	-0.00396537	1258.00	0.000998322
1259.00	-0.00300461	1259.00	0.00193053
1260.00	-0.000846089	1260.00	0.00214349
1261.00	-0.000336772	1261.00	0.00151048
1262.00	0.00195753	1262.00	-0.000412964
1263.00	0.00116156	1263.00	-0.00149243
1264.00	0.00145467	1264.00	-0.000700535
1265.00	0.00204860	1265.00	-0.000457256
1266.00	0.00247198	1266.00	-0.000916638
1267.00	0.00124728	1267.00	-0.00187694
1268.00	-0.000100895	1268.00	-0.00213502
1269.00	-0.000578210	1269.00	-0.00170134
1270.00	0.000330522	1270.00	-0.00225214
1271.00	0.000411329	1271.00	-0.00257298
1272.00	6.93372e-05	1272.00	-0.00120970
1273.00	-0.00146549	1273.00	-0.000577405
1274.00	-0.000149480	1274.00	3.08114e-06
1275.00	0.00113164	1275.00	-0.00137804
1276.00	-0.000633475	1276.00	-0.000719845
1277.00	0.00271949	1277.00	-0.000506587
1278.00	0.00156468	1278.00	-0.000842982
1279.00	0.00211349	1279.00	0.000504592
1280.00	0.00173897	1280.00	1.04034e-05
1281.00	0.000506584	1281.00	0.000704439
1282.00	0.00177804	1282.00	-0.000707084
1283.00	8.45096e-05	1283.00	-6.90019e-05
1284.00	0.00204102	1284.00	0.000593435
1285.00	0.00199815	1285.00	0.000469047
1286.00	0.000270154	1286.00	0.000534725
1287.00	-0.00140626	1287.00	-0.000103181
1288.00	-0.00130427	1288.00	-0.000879759
1289.00	0.00191407	1289.00	-0.00140646
1290.00	0.00238621	1290.00	-0.000671290
1291.00	0.00441900	1291.00	-0.000262547
1292.00	0.00399861	1292.00	-0.000646735
1293.00	0.00449835	1293.00	-0.00164269
1294.00	0.00134558	1294.00	-0.00255552
1295.00	-0.00101987	1295.00	-0.000912932
1296.00	-0.00136091	1296.00	-0.000616574
1297.00	-2.44418e-05	1297.00	0.000151252
1298.00	0.00303854	1298.00	0.000990262
1299.00	0.00183716	1299.00	0.000410994
1300.00	0.00255758	1300.00	-0.00162520
1301.00	0.000681305	1301.00	-0.000397973
1302.00	0.000966822	1302.00	-0.00172459
1303.00	-4.83548e-05	1303.00	-0.00117246
1304.00	0.000390537	1304.00	-0.00128924
1305.00	0.00112536	1305.00	8.42670e-05
1306.00	-0.000700729	1306.00	0.000653838
1307.00	0.000590103	1307.00	-0.000207853
1308.00	0.00118727	1308.00	0.000496807
1309.00	0.00233980	1309.00	0.000220244
1310.00	0.00150962	1310.00	0.000456734
1311.00	0.00263946	1311.00	-0.00133263
1312.00	0.00350492	1312.00	-0.00150647
1313.00	0.00347185	1313.00	-0.00143954
1314.00	0.00331488	1314.00	-0.000560987
1315.00	0.00357105	1315.00	-0.000930801
1316.00	0.000238137	1316.00	-0.00155684
1317.00	-0.00322051	1317.00	-0.000278616
1318.00	-0.00445884	1318.00	-8.41066e-06
1319.00	-6.13322e-06	1319.00	0.000409774
1320.00	0.000571297	1320.00	-0.000790444
1321.00	0.00103789	1321.00	0.000574716
1322.00	0.00176883	1322.00	-0.000481459
1323.00	0.00517548	1323.00	-0.00143901
1324.00	0.00338394	1324.00	-0.000864908
1325.00	0.00217640	1325.00	-0.00191961
1326.00	-0.00200617	1326.00	-0.00179524
1327.00	0.00245341	1327.00	-0.00230568
1328.00	0.00295652	1328.00	-0.00171948
1329.00	0.00338493	1329.00	-0.00157027
1330.00	0.00271295	1330.00	-0.00264243
1331.00	0.00167388	1331.00	-0.00241367
1332.00	-0.000498053	1332.00	-0.00164175
1333.00	0.00109759	1333.00	0.00121306
1334.00	0.000521614	1334.00	0.000754643
1335.00	0.00144250	1335.00	-0.000361750
1336.00	-0.00101233	1336.00	-0.00118617
1337.00	0.00253661	1337.00	-0.00108203
1338.00	0.00423583	1338.00	-0.000948983
1339.00	0.00407490	1339.00	-0.00156854
1340.00	-9.07046e-05	1340.00	-0.00109520
1341.00	0.000280906	1341.00	-0.00110994
1342.00	-0.00120457	1342.00	-0.000883835
1343.00	0.00110267	1343.00	-9.32202e-06
1344.00	0.00179548	1344.00	-0.000274213
1345.00	0.00132377	1345.00	-0.000884064
1346.00	0.00237056	1346.00	-0.00122467
1347.00	-0.00125913	1347.00	-0.000284178
1348.00	-0.00279290	1348.00	0.000143133
1349.00	-0.00327838	1349.00	-0.000122329
1350.00	-0.000764945	1350.00	0.000164534
1351.00	0.00171418	1351.00	0.000389553
1352.00	-0.000845122	1352.00	-0.00176821
1353.00	-0.000270039	1353.00	-0.00108567
1354.00	-0.000538376	1354.00	-0.00150557
1355.00	-0.000697171	1355.00	2.08445e-05
1356.00	-0.000649967	1356.00	0.000110590
1357.00	-0.00115828	1357.00	0.000680758
1358.00	0.00328700	1358.00	-0.000449385
1359.00	0.00300716	1359.00	-0.000893276
1360.00	0.00258234	1360.00	-0.00157928
1361.00	0.00346380	1361.00	-0.00105239
1362.00	0.000981347	1362.00	0.000565450
1363.00	5.69321e-05	1363.00	0.000840768
1364.00	-0.00167370	1364.00	-0.000685236
1365.00	0.000889227	1365.00	-0.000735321
1366.00	0.000806343	1366.00	-0.000486031
1367.00	-0.00265058	1367.00	0.00131159
1368.00	-8.50449e-05	1368.00	-0.000319831
1369.00	0.000536036	1369.00	0.000218280
1370.00	0.00432024	1370.00	-0.00177739
1371.00	0.00300345	1371.00	-0.00156055
1372.00	0.00278121	1372.00	-0.00245125
1373.00	0.00307738	1373.00	-0.00216369
1374.00	0.00306241	1374.00	-0.00216413
1375.00	0.00107344	1375.00	-0.000674839
1376.00	-0.00112981	1376.00	-0.00124575
1377.00	-0.00317818	1377.00	0.000208196
1378.00	-0.00212436	1378.00	-0.000917448
1379.00	-0.000531065	1379.00	0.000199628
1380.00	-0.000739998	1380.00	0.00121009
1381.00	-0.000621838	1381.00	0.00204920
1382.00	-0.00438421	1382.00	0.00183228
1383.00	-0.000853980	1383.00	0.000348034
1384.00	-0.00159577	1384.00	0.00119119
1385.00	0.000848342	1385.00	-0.000128668
1386.00	0.00121285	1386.00	0.000299654
1387.00	0.00257331	1387.00	0.000425096
1388.00	-0.000812352	1388.00	9.27969e-05
1389.00	-0.00116959	1389.00	-0.00129741
1390.00	-0.00231417	1390.00	-0.00181439
1391.00	-0.00102921	1391.00	-0.00276625
1392.00	-0.00326701	1392.00	-0.000202537
1393.00	-0.00312498	1393.00	-0.000704546
1394.00	-0.000992965	1394.00	-0.00109511
1395.00	0.00122031	1395.00	-0.00110885
1396.00	0.00265316	1396.00	-3.59373e-05
1397.00	0.00238703	1397.00	-0.000297991
1398.00	0.00116481	1398.00	-0.000858797
1399.00	-0.000355032	1399.00	-0.00178289
1400.00	0.000616993	1400.00	-0.00163653
1401.00	0.00245503	1401.00	-0.00162202
1402.00	0.00167945	1402.00	-0.00171507
1403.00	0.00174878	1403.00	-0.000511710
1404.00	0.00182729	1404.00	0.000967794
1405.00	0.00146582	1405.00	0.00109138
1406.00	0.000747169	1406.00	0.00150751
1407.00	-0.00150921	1407.00	0.000890697
1408.00	-0.00226538	1408.00	0.000590907
1409.00	-0.00198133	1409.00	0.000834622
1410.00	-0.00205013	1410.00	-0.000333467
1411.00	-0.00141776	1411.00	0.00104862
1412.00	0.00122687	1412.00	-0.00176121
1413.00	0.00136625	1413.00	-0.000850696
1414.00	0.000856828	1414.00	-0.000826450
1415.00	0.000622660	1415.00	-0.000495648
1416.00	-0.00109895	1416.00	-0.00106322
1417.00	-0.000416243	1417.00	-0.00163493
1418.00	-0.00230145	1418.00	-0.00156106
1419.00	-0.00236311	1419.00	-0.00132323
1420.00	-0.000600587	1420.00	-0.000245302
1421.00	0.00156593	1421.00	-8.07241e-05
1422.00	0.00161707	1422.00	0.000339970
1423.00	0.000309452	1423.00	0.000814721
1424.00	0.00106601	1424.00	0.000232551
1425.00	0.00139725	1425.00	0.000427625
1426.00	-0.000205699	1426.00	0.000922560
1427.00	-0.00266374	1427.00	0.00102194
1428.00	-0.000936756	1428.00	0.000694474
1429.00	-0.00200955	1429.00	-0.00219092
1430.00	0.00225239	1430.00	-0.00235179
1431.00	0.00154828	1431.00	-0.00229964
1432.00	0.00125857	1432.00	-0.00157960
1433.00	-0.00169155	1433.00	-0.000956862
1434.00	-0.000579177	1434.00	-0.000499146
1435.00	0.00121340	1435.00	0.00115056
1436.00	0.00169910	1436.00	0.00122290
1437.00	0.00123005	1437.00	0.000780288
1438.00	0.000247049	1438.00	-0.000574752
1439.00	-8.68878e-05	1439.00	-0.000964086
1440.00	0.000185121	1440.00	-0.00110887
1441.00	0.00192179	1441.00	-0.000720703
1442.00	0.00282259	1442.00	-0.000357111
1443.00	0.00221560	1443.00	-0.00162603
1444.00	0.00213619	1444.00	-0.00171658
1445.00	0.00143183	1445.00	-0.000740083
1446.00	-0.000180874	1446.00	0.00109412
1447.00	0.000554728	1447.00	0.000969430
1448.00	-0.000582156	1448.00	0.00107270
1449.00	-0.000401534	1449.00	0.00144636
1450.00	0.000239551	1450.00	0.00174407
1451.00	-0.000735021	1451.00	0.000357229
1452.00	-0.000210538	1452.00	-0.00102084
1453.00	0.00101688	1453.00	-0.00155866
1454.00	0.00257581	1454.00	-0.00118908
1455.00	0.00405019	1455.00	-0.000603580
1456.00	0.00440483	1456.00	-0.00187170
1457.00	0.00163647	1457.00	-0.00149289
1458.00	0.00264345	1458.00	-0.000854282
1459.00	-0.00203431	1459.00	-0.000283652
1460.00	-0.000156442	1460.00	0.000444700
1461.00	-0.000675963	1461.00	0.000814378
1462.00	-0.00123429	1462.00	0.000264066
1463.00	-1.30601e-05	1463.00	-0.000135834
1464.00	-0.000737896	1464.00	-0.00189351
1465.00	0.00102600	1465.00	-0.00146813
1466.00	-0.000122817	1466.00	-0.000855158
1467.00	-0.000410812	1467.00	-0.00119961
1468.00	0.00219501	1468.00	-0.00176065
1469.00	0.00107295	1469.00	-0.00188088
1470.00	0.00166064	1470.00	-0.00132978
1471.00	-0.00107484	1471.00	0.000247699
1472.00	-0.000272389	1472.00	-0.000852936
1473.00	-0.000599413	1473.00	0.000592995
1474.00	0.00241969	1474.00	0.000640927
1475.00	0.00484727	1475.00	-0.000467394
1476.00	0.00457415	1476.00	-0.000274821
1477.00	-0.00157010	1477.00	0.000199735
1478.00	-0.00227530	1478.00	0.00177062
1479.00	-0.00201403	1479.00	0.00181909
1480.00	0.000161866	1480.00	0.000123918
1481.00	0.00123350	1481.00	-0.000963039
1482.00	0.00197022	1482.00	-0.000248070
1483.00	0.00196070	1483.00	-0.00114271
1484.00	0.000150876	1484.00	-0.000820061
1485.00	0.000614242	1485.00	-0.000788192
1486.00	0.000622700	1486.00	-0.000517267
1487.00	8.80981e-05	1487.00	0.00129121
1488.00	0.000794119	1488.00	0.000451254
1489.00	0.00137448	1489.00	-0.000390753
1490.00	0.000796636	1490.00	-0.00120149
1491.00	-0.000812077	1491.00	-2.61296e-05
1492.00	-0.00207792	1492.00	-0.000122412
1493.00	-0.00190573	1493.00	-0.000143161
1494.00	-0.00157817	1494.00	0.000699148
1495.00	-0.000324958	1495.00	0.000499958
1496.00	0.00134943	1496.00	0.000106921
1497.00	0.000166301	1497.00	-0.00154654
1498.00	-0.00117511	1498.00	-0.00150287
1499.00	0.00176028	1499.00	-0.00194585
1500.00	0.00479922	1500.00	-0.00207318
1501.00	0.00413635	1501.00	-0.000451678
1502.00	0.00409172	1502.00	-0.000346117
1503.00	0.00384597	1503.00	-0.00129110
1504.00	0.00219440	1504.00	-0.00104141
1505.00	0.00106000	1505.00	-0.000985292
1506.00	-2.20607e-05	1506.00	-0.00105447
1507.00	0.00105320	1507.00	-0.000579702
1508.00	0.00215425	1508.00	-0.00128273
1509.00	0.00118287	1509.00	-0.000591112
1510.00	-0.00145669	1510.00	-0.000445933
1511.00	-0.00210478	1511.00	0.000895922
1512.00	-0.000128311	1512.00	-0.000489753
1513.00	0.00183172	1513.00	0.000376061
1514.00	-0.000842516	1514.00	0.00185475
1515.00	-0.00191570	1515.00	0.00246228
1516.00	-0.000326596	1516.00	0.00179836
1517.00	0.00137451	1517.00	0.000657686
1518.00	0.000976728	1518.00	-0.000552334
1519.00	0.000885562	1519.00	1.06260e-05
1520.00	0.00148273	1520.00	-2.03446e-05
1521.00	0.00228070	1521.00	-0.000694826
1522.00	0.00226649	1522.00	-0.000741661
1523.00	0.00221622	1523.00	-0.000339683
1524.00	0.000393510	1524.00	-0.000648736
1525.00	0.00226645	1525.00	-0.000457282
1526.00	0.00106617	1526.00	0.000676805
1527.00	0.00270040	1527.00	-2.39398e-05
1528.00	0.00314455	1528.00	-0.000827928
1529.00	0.00384682	1529.00	-0.00268895
1530.00	0.00269230	1530.00	-0.00207894
1531.00	0.000650848	1531.00	-0.00269359
1532.00	0.00153628	1532.00	-0.00194257
1533.00	-0.000208005	1533.00	-0.00109906
1534.00	-0.000206617	1534.00	-0.000701252
1535.00	0.000528959	1535.00	-0.00109257
1536.00	0.00355601	1536.00	-0.00210005
1537.00	0.00283248	1537.00	-0.00148073
1538.00	-0.000641280	1538.00	-0.00145109
1539.00	-0.00131076	1539.00	-0.00136609
1540.00	-0.000502203	1540.00	-0.00189424
1541.00	0.000611084	1541.00	-0.000431217
1542.00	0.000106711	1542.00	0.000236767
1543.00	-0.00105595	1543.00	-0.000326247
1544.00	-0.000848128	1544.00	-0.00165957
1545.00	-0.000227672	1545.00	-0.000843919
1546.00	0.00348395	1546.00	-0.00150721
1547.00	0.00236655	1547.00	0.000270849
1548.00	0.00308801	1548.00	-2.27286e-05
1549.00	0.000459618	1549.00	0.000504502
1550.00	0.000745564	1550.00	-0.000645357
1551.00	0.000520861	1551.00	-0.000845476
1552.00	0.00138275	1552.00	-0.00100587
1553.00	0.000164068	1553.00	0.000459650
1554.00	5.40272e-05	1554.00	-0.000192785
1555.00	0.00105115	1555.00	0.000836938
1556.00	0.00240119	1556.00	0.000324598
1557.00	0.00103895	1557.00	0.000140454
1558.00	0.000445986	1558.00	7.18600e-06
1559.00	-0.000581802	1559.00	-7.96835e-05
1560.00	0.000694232	1560.00	0.000889312
1561.00	-8.45463e-05	1561.00	0.00150031
1562.00	0.000347545	1562.00	0.00140810
1563.00	0.000347831	1563.00	0.000975042
1564.00	-5.60706e-05	1564.00	-0.000834489
1565.00	-0.00380568	1565.00	-0.00190300
1566.00	-0.00364467	1566.00	-0.00226855
1567.00	-0.00174867	1567.00	-0.000630510
1568.00	0.00129392	1568.00	0.000132967
1569.00	0.00131847	1569.00	-0.000730927
1570.00	0.00187023	1570.00	-0.00121083
1571.00	0.00179491	1571.00	-0.00242968
1572.00	0.00164600	1572.00	-0.00209374
1573.00	-0.000115928	1573.00	-0.00179633
1574.00	0.00135466	1574.00	-0.000570031
1575.00	0.00292961	1575.00	-0.000582648
1576.00	0.00436464	1576.00	0.000194122
1577.00	0.00206648	1577.00	-0.000677927
1578.00	0.00382864	1578.00	-0.000517264
1579.00	0.00238193	1579.00	0.000678773
1580.00	0.00106069	1580.00	5.80145e-05
1581.00	-0.000542171	1581.00	-0.000132018
1582.00	-0.00116584	1582.00	-0.000611130
1583.00	0.00116690	1583.00	-0.000746893
1584.00	0.00243176	1584.00	-0.000519166
1585.00	0.00164480	1585.00	-0.000932188
1586.00	0.000911660	1586.00	0.000272202
1587.00	0.000500892	1587.00	-0.00107364
1588.00	-0.000728580	1588.00	0.000442041
1589.00	-0.00101180	1589.00	-0.00125808
1590.00	-0.00211115	1590.00	-0.000496417
1591.00	-0.000795822	1591.00	-0.00192994
1592.00	-0.00101874	1592.00	-0.000655893
1593.00	-0.00150174	1593.00	-0.000198508
1594.00	0.00120903	1594.00	3.04218e-05
1595.00	0.00110781	1595.00	-0.00136712
1596.00	0.000366855	1596.00	-0.000645998
1597.00	-0.000830479	1597.00	-0.00122515
1598.00	-0.000983296	1598.00	-0.000639478
1599.00	0.00166974	1599.00	-0.00190837
1600.00	0.00253260	1600.00	-0.00249845
1601.00	0.00324119	1601.00	-0.00234214
1602.00	0.00145833	1602.00	-0.00254076
1603.00	0.00119368	1603.00	-0.000288037
1604.00	0.00151443	1604.00	-0.000361087
1605.00	0.00128790	1605.00	0.000585612
1606.00	0.000542791	1606.00	-0.000214459
1607.00	-0.000271314	1607.00	0.000794467
1608.00	0.000687836	1608.00	-0.000172204
1609.00	0.00135807	1609.00	0.000511535
1610.00	0.000506246	1610.00	-0.000904306
1611.00	0.000377338	1611.00	-0.000196004
1612.00	0.000742652	1612.00	-0.000322629
1613.00	0.00356704	1613.00	-0.000153448
1614.00	0.00350094	1614.00	-0.00129835
1615.00	0.00236353	1615.00	-0.00204802
1616.00	0.00185549	1616.00	-0.00141660
1617.00	-6.67695e-05	1617.00	-0.00129393
1618.00	-0.000586625	1618.00	-0.000926734
1619.00	-0.000891880	1619.00	-0.00148263
1620.00	-0.00111616	1620.00	-9.03855e-05
1621.00	0.000927049	1621.00	-0.000512216
1622.00	0.00405696	1622.00	-0.000189141
1623.00	0.00227865	1623.00	-0.000599980
1624.00	0.00207646	1624.00	-0.000461446
1625.00	0.00239102	1625.00	-0.00123185
1626.00	0.00294751	1626.00	-0.000934505
1627.00	0.00254084	1627.00	-0.000293583
1628.00	0.000554606	1628.00	6.15982e-05
1629.00	-0.000294354	1629.00	0.000759372
1630.00	-0.00131356	1630.00	0.000973561
1631.00	-0.00136367	1631.00	0.000937655
1632.00	0.000683464	1632.00	0.000140208
1633.00	0.000781170	1633.00	0.000419418
1634.00	-0.000584044	1634.00	-0.000429958
1635.00	-0.000303785	1635.00	0.000771442
1636.00	0.00112367	1636.00	0.000360119
1637.00	0.00291462	1637.00	0.000416829
1638.00	0.00243176	1638.00	-0.000415013
1639.00	0.00114198	1639.00	-0.00148499
1640.00	-0.000234026	1640.00	-0.00131625
1641.00	0.000180255	1641.00	-0.000373890
1642.00	-0.000115184	1642.00	0.000163653
1643.00	0.00165744	1643.00	-0.000152141
1644.00	0.00146823	1644.00	0.000134769
1645.00	-0.00146617	1645.00	0.000799255
1646.00	-0.00145862	1646.00	0.000825720
1647.00	-0.00228031	1647.00	-4.95458e-05
1648.00	7.22941e-05	1648.00	0.000240465
1649.00	0.000614448	1649.00	0.000807653
1650.00	0.000316706	1650.00	0.00113736
1651.00	0.00153034	1651.00	6.52382e-05
1652.00	0.000369118	1652.00	-0.000418043
1653.00	0.00240739	1653.00	-0.000561632
1654.00	0.00335580	1654.00	0.000314365
1655.00	0.00434154	1655.00	0.000564258
1656.00	0.00189983	1656.00	-0.000663289
1657.00	0.000427801	1657.00	-0.000424540
1658.00	0.00121290	1658.00	-0.000518082
1659.00	9.99634e-05	1659.00	-8.14159e-05
1660.00	0.00120925	1660.00	0.000403939
1661.00	-0.000639575	1661.00	0.000285103
1662.00	-0.000539699	1662.00	0.000372256
1663.00	-0.000224688	1663.00	-0.000574896
1664.00	0.00307128	1664.00	0.000220757
1665.00	0.00189078	1665.00	0.00110398
1666.00	0.00215778	1666.00	0.00110262
1667.00	0.00236862	1667.00	0.00101125
1668.00	0.000126805	1668.00	0.00197067
1669.00	0.000516193	1669.00	0.00194221
1670.00	0.000305592	1670.00	0.000902287
1671.00	0.000604181	1671.00	0.000810635
1672.00	0.000104869	1672.00	0.000668807
1673.00	-0.000375404	1673.00	0.000839350
1674.00	0.00160964	1674.00	-0.000159543
1675.00	0.00308956	1675.00	-0.00157782
1676.00	0.00301066	1676.00	-0.00223341
1677.00	0.00331399	1677.00	-0.000603764
1678.00	0.00343588	1678.00	0.000228555
1679.00	0.00231862	1679.00	0.000702964
1680.00	0.000334649	1680.00	-0.000511780
1681.00	0.000877831	1681.00	-0.000256032
1682.00	0.00252612	1682.00	-0.000751381
1683.00	0.00345525	1683.00	-0.00195438
1684.00	0.00172881	1684.00	5.40774e-05
1685.00	0.000629193	1685.00	-0.000528839
1686.00	0.000589389	1686.00	0.000831909
1687.00	0.00175385	1687.00	1.93595e-05
1688.00	0.00244384	1688.00	6.46124e-06
1689.00	0.00186797	1689.00	-0.00155090
1690.00	0.00111622	1690.00	-0.00173060
1691.00	0.000350287	1691.00	-0.00121945
1692.00	0.000261780	1692.00	-0.000837852
1693.00	0.000394040	1693.00	-0.000224065
1694.00	-0.000383382	1694.00	-8.12077e-05
1695.00	-7.26377e-05	1695.00	-0.000220199
1696.00	0.000693868	1696.00	9.11698e-05
1697.00	0.000772007	1697.00	0.000550696
1698.00	0.00100749	1698.00	-0.000277660
1699.00	0.00332224	1699.00	-0.000428834
1700.00	0.00373185	1700.00	-0.00133645
1701.00	0.00172604	1701.00	-0.000445293
1702.00	0.000338365	1702.00	-0.000638888
1703.00	0.000667864	1703.00	0.000682023
1704.00	0.000430811	1704.00	0.000432881
1705.00	0.00102036	1705.00	0.00128951
1706.00	0.00267063	1706.00	-7.71531e-05
1707.00	-0.00143170	1707.00	0.000974639
1708.00	-0.00290248	1708.00	0.00132822
1709.00	-0.00245335	1709.00	0.00137195
1710.00	-0.00132988	1710.00	0.000259044
1711.00	0.000301578	1711.00	0.000907744
1712.00	-0.000172519	1712.00	0.000472595
1713.00	0.00214814	1713.00	0.000876931
1714.00	0.00353058	1714.00	0.000232690
1715.00	0.00288796	1715.00	-0.000291456
1716.00	0.000483224	1716.00	-0.00121831
1717.00	-0.000615473	1717.00	-0.00211445
1718.00	0.000588530	1718.00	-0.00131989
1719.00	0.00122688	1719.00	-0.00126855
1720.00	0.00105537	1720.00	-0.00140775
1721.00	-0.000151045	1721.00	-0.00138307
1722.00	0.000677473	1722.00	-0.000759118
1723.00	-0.000844623	1723.00	-0.00101657
1724.00	-3.93751e-05	1724.00	0.000186376
1725.00	-0.000609253	1725.00	0.000258760
1726.00	-0.000491019	1726.00	-0.000538518
1727.00	0.000312027	1727.00	-0.000975985
1728.00	0.00166685	1728.00	-0.00182649
1729.00	0.00293871	1729.00	-0.00221773
1730.00	-0.000103995	1730.00	-0.00115237
1731.00	0.00171096	1731.00	-0.000589112
1732.00	0.000957961	1732.00	0.000783039
1733.00	0.00205616	1733.00	0.000591107
1734.00	-0.000189353	1734.00	0.000690421
1735.00	-0.000465332	1735.00	0.00112247
1736.00	0.00102019	1736.00	0.000827890
1737.00	0.00121282	1737.00	0.00104829
1738.00	0.00264456	1738.00	-0.000450199
1739.00	0.00193392	1739.00	0.000118868
1740.00	0.00196147	1740.00	-0.000634564
1741.00	0.000122998	1741.00	0.000660449
1742.00	-0.000588516	1742.00	0.00106551
1743.00	-0.000955887	1743.00	0.00199133
1744.00	0.00185131	1744.00	0.000174003
1745.00	0.00273042	1745.00	-0.000619718
1746.00	0.00346317	1746.00	-0.00144506
1747.00	0.00301980	1747.00	-0.00145924
1748.00	0.00198809	1748.00	-0.000993457
1749.00	0.000912536	1749.00	-0.000246009
1750.00	0.000989749	1750.00	-0.000109541
1751.00	0.00485096	1751.00	-0.000893585
1752.00	0.00398388	1752.00	-0.00240629
1753.00	0.00187492	1753.00	-0.00152010
1754.00	0.000385074	1754.00	-0.00169301
1755.00	0.00288901	1755.00	-0.00141244
1756.00	0.00553272	1756.00	-0.00200182
1757.00	0.00473946	1757.00	-0.000899474
1758.00	0.00279774	1758.00	4.08211e-05
1759.00	0.00175161	1759.00	-0.000276520
1760.00	0.00284603	1760.00	-0.000527794
1761.00	0.00311304	1761.00	-2.24973e-05
1762.00	0.00250402	1762.00	0.000807261
1763.00	0.00285078	1763.00	0.00113327
1764.00	0.00244063	1764.00	0.00151886
1765.00	0.00251047	1765.00	-0.000274077
1766.00	0.00286681	1766.00	0.000211622
1767.00	0.00233122	1767.00	5.15526e-05
1768.00	0.00253541	1768.00	-0.000227252
1769.00	-1.51306e-05	1769.00	-0.000312667
1770.00	-0.000350934	1770.00	-0.000281326
1771.00	-0.00357516	1771.00	0.000268306
1772.00	0.000124272	1772.00	9.79643e-05
1773.00	-0.000132882	1773.00	-1.11440e-05
1774.00	0.00210010	1774.00	-0.00128477
1775.00	0.000808725	1775.00	-0.000512712
1776.00	-0.000319384	1776.00	0.000423544
1777.00	0.000764057	1777.00	0.000662265
1778.00	0.00233454	1778.00	0.000931988
1779.00	0.00476475	1779.00	0.00100182
1780.00	0.00283043	1780.00	0.00124515
1781.00	0.00202002	1781.00	0.000684601
1782.00	0.00130392	1782.00	0.000187129
1783.00	0.000657366	1783.00	-0.000317242
1784.00	0.00178894	1784.00	-0.000230602
1785.00	0.000638460	1785.00	0.000139341
1786.00	0.000658573	1786.00	-0.000602753
1787.00	0.000464380	1787.00	-0.000857190
1788.00	0.000559321	1788.00	-0.000814884
1789.00	0.00239351	1789.00	-0.000837893
1790.00	2.68640e-05	1790.00	2.75252e-05
1791.00	0.000246749	1791.00	-0.00107879
1792.00	-0.000932152	1792.00	-0.000750681
1793.00	0.000284384	1793.00	-0.00163477
1794.00	0.00271918	1794.00	-0.00105965
1795.00	0.00336224	1795.00	-0.00176579
1796.00	0.00145383	1796.00	-0.000200576
1797.00	-0.000259384	1797.00	-0.000539129
1798.00	-0.000829945	1798.00	-0.000285162
1799.00	-0.00146525	1799.00	-0.000146727
1800.00	-0.00158499	1800.00	0.000343022
1801.00	-0.00191368	1801.00	2.07114e-05
1802.00	0.00150753	1802.00	-0.000212779
1803.00	-0.000543710	1803.00	-0.000325606
1804.00	0.00119633	1804.00	0.000379081
1805.00	-0.000894180	1805.00	0.000548745
1806.00	0.00137217	1806.00	-0.000106539
1807.00	-0.000442242	1807.00	0.000405308
1808.00	0.000189526	1808.00	0.00101936
1809.00	7.71620e-05	1809.00	-9.90133e-05
1810.00	0.000927644	1810.00	-0.000286055
1811.00	0.00134774	1811.00	-0.00168595
1812.00	0.00262426	1812.00	-0.000520744
1813.00	0.000388953	1813.00	-0.000927269
1814.00	-0.000169637	1814.00	-0.000773015
1815.00	-0.00197070	1815.00	-0.00167711
1816.00	-0.00123341	1816.00	-0.000174283
1817.00	-0.000706398	1817.00	-3.91929e-05
1818.00	-0.000928153	1818.00	0.000751841
1819.00	0.000983364	1819.00	2.19667e-05
1820.00	0.00409909	1820.00	-0.000840754
1821.00	0.00456766	1821.00	-0.000375616
1822.00	0.00326657	1822.00	-0.000719070
1823.00	0.00285378	1823.00	-0.00138833
1824.00	-0.000490508	1824.00	-0.000299289
1825.00	0.00138065	1825.00	-0.000218569
1826.00	0.000150571	1826.00	0.00105763
1827.00	0.00113063	1827.00	0.000939815
1828.00	0.00180757	1828.00	0.000899960
1829.00	0.00367793	1829.00	-0.000188943
1830.00	0.00131414	1830.00	0.000478445
1831.00	0.000563264	1831.00	-0.000483064
1832.00	0.00122009	1832.00	-0.000627449
1833.00	0.00214172	1833.00	-0.000342469
1834.00	0.00384115	1834.00	0.000392658
1835.00	0.00261371	1835.00	0.000188920
1836.00	0.00178809	1836.00	-0.000969478
1837.00	0.000660014	1837.00	-0.00109999
1838.00	-0.000511534	1838.00	-5.22242e-05
1839.00	0.00121343	1839.00	-0.000209648
1840.00	0.000758585	1840.00	0.000459670
1841.00	0.00120240	1841.00	-0.000327576
1842.00	0.000890617	1842.00	0.000682961
1843.00	0.00175653	1843.00	-3.66337e-05
1844.00	0.000487958	1844.00	-0.000452479
1845.00	0.00127334	1845.00	-0.00111616
1846.00	0.00142093	1846.00	-0.000814503
1847.00	0.00167600	1847.00	-0.000660754
1848.00	0.000896999	1848.00	0.000232774
1849.00	0.00151053	1849.00	-0.00108067
1850.00	0.000612663	1850.00	0.000295622
1851.00	0.00115617	1851.00	-0.000239747
1852.00	0.00133958	1852.00	-0.000601326
1853.00	0.00130914	1853.00	-0.000241856
1854.00	0.00108417	1854.00	-0.000410842
1855.00	-0.000555894	1855.00	2.40869e-05
1856.00	-0.000386074	1856.00	-0.000834504
1857.00	-0.00261986	1857.00	-0.00108770
1858.00	2.54185e-05	1858.00	-0.000600011
1859.00	-0.00143319	1859.00	-0.000170241
1860.00	0.00141416	1860.00	-0.000430742
1861.00	0.00115772	1861.00	-0.000254511
1862.00	0.000460631	1862.00	-0.000513057
1863.00	0.000477210	1863.00	0.000497061
1864.00	0.000764313	1864.00	0.000167836
1865.00	0.00326525	1865.00	-0.00161158
1866.00	0.000758018	1866.00	-0.00126289
1867.00	0.00137922	1867.00	-0.00169879
1868.00	0.00124369	1868.00	-0.000669911
1869.00	0.00147759	1869.00	-0.000713314
1870.00	0.000318173	1870.00	-0.000661534
1871.00	-0.000518932	1871.00	-0.000803601
1872.00	0.00139768	1872.00	0.000685185
1873.00	0.00404604	1873.00	0.000383175
1874.00	0.00461973	1874.00	0.000650007
1875.00	0.00314734	1875.00	-0.00109182
1876.00	0.000990580	1876.00	-0.000104433
1877.00	0.000864701	1877.00	0.000159609
1878.00	0.000942711	1878.00	-0.000544907
1879.00	0.000228115	1879.00	-0.00136266
1880.00	0.00233906	1880.00	-0.00108631
1881.00	-0.000421790	1881.00	0.000604753
1882.00	0.00137860	1882.00	0.00163263
1883.00	-0.000744649	1883.00	0.000520395
1884.00	0.000485015	1884.00	-1.55290e-05
1885.00	-0.00107691	1885.00	-0.00198343
1886.00	-8.84592e-05	1886.00	-0.00214653
1887.00	-0.000668184	1887.00	-0.00105098
1888.00	-0.000310259	1888.00	-0.000235856
1889.00	-0.00109851	1889.00	0.000193405
1890.00	0.00136213	1890.00	-0.000128745
1891.00	0.000838728	1891.00	-0.000309277
1892.00	9.88987e-05	1892.00	-0.00117142
1893.00	0.00173237	1893.00	-0.00158810
1894.00	0.00229764	1894.00	-0.00171312
1895.00	0.00338939	1895.00	-0.00110980
1896.00	0.00202537	1896.00	0.000566449
1897.00	0.00277060	1897.00	0.000805064
1898.00	0.00185609	1898.00	0.00153518
1899.00	0.00158891	1899.00	0.000704983
1900.00	-0.000252664	1900.00	0.000967879
1901.00	-0.00133465	1901.00	0.000224220
1902.00	0.000207268	1902.00	4.56571e-05
1903.00	0.00127475	1903.00	-0.000822899
1904.00	0.000561971	1904.00	-0.000501925
1905.00	-0.00230483	1905.00	0.000294396
1906.00	-0.000485769	1906.00	0.000835625
1907.00	-0.00263858	1907.00	0.000330062
1908.00	-0.00192293	1908.00	0.000801647
1909.00	-0.00180266	1909.00	0.000719196
1910.00	-0.000180041	1910.00	0.000194997
1911.00	0.00148818	1911.00	-0.000662020
1912.00	0.000754395	1912.00	-0.00112604
1913.00	-1.71855e-05	1913.00	-0.000420394
1914.00	-0.000326450	1914.00	-0.000436651
1915.00	-0.000234374	1915.00	-0.000595931
1916.00	0.00185961	1916.00	-0.000689506
1917.00	0.00465953	1917.00	-0.00106188
1918.00	0.00186272	1918.00	-0.000169433
1919.00	0.000580548	1919.00	-0.000510573
1920.00	-0.00117618	1920.00	0.000662078
1921.00	0.000528617	1921.00	0.000135105
1922.00	-0.000991634	1922.00	-0.000323742
1923.00	-0.000761617	1923.00	-0.00141670
1924.00	0.00305291	1924.00	-0.00104329
1925.00	0.00165284	1925.00	-0.000410793
1926.00	0.000486122	1926.00	0.000683398
1927.00	-0.00151315	1927.00	0.000692902
1928.00	0.000451116	1928.00	0.00101425
1929.00	0.000727055	1929.00	0.000864288
1930.00	7.94285e-06	1930.00	-0.000384700
1931.00	0.000201620	1931.00	-0.000501007
1932.00	0.00516661	1932.00	-0.000834647
1933.00	0.00269500	1933.00	-0.000737458
1934.00	-0.00177693	1934.00	5.18464e-07
1935.00	-0.00300862	1935.00	-0.00105380
1936.00	-0.00210246	1936.00	-0.00100322
1937.00	4.06797e-05	1937.00	-0.000635801
1938.00	0.00113601	1938.00	0.000309139
1939.00	0.00413458	1939.00	0.000599655
1940.00	0.00302273	1940.00	0.000904898
1941.00	0.000850809	1941.00	-0.000188095
1942.00	-0.00151043	1942.00	0.000410012
1943.00	-0.000833684	1943.00	-0.000289229
1944.00	0.000676233	1944.00	0.000643075
1945.00	0.00165487	1945.00	0.000785978
1946.00	0.00151699	1946.00	0.000100241
1947.00	0.000408254	1947.00	0.00111702
1948.00	0.00118644	1948.00	-0.000274346
1949.00	0.000549718	1949.00	-0.000251662
1950.00	0.00132149	1950.00	-0.00132271
1951.00	0.00301159	1951.00	3.26445e-05
1952.00	0.00300635	1952.00	-0.000205754
1953.00	0.00433595	1953.00	-0.000539915
1954.00	0.00514968	1954.00	-0.000892763
1955.00	0.000955724	1955.00	-0.000402050
1956.00	0.00180858	1956.00	-0.000957983
1957.00	0.00146610	1957.00	-0.000615042
1958.00	0.00142389	1958.00	-0.000863537
1959.00	0.000461076	1959.00	-0.00142094
1960.00	0.000816160	1960.00	-0.000797881
1961.00	0.00291765	1961.00	-0.00163753
1962.00	0.00297356	1962.00	-0.00189669
1963.00	0.00292866	1963.00	-0.000997694
1964.00	0.00203341	1964.00	-0.00107189
1965.00	0.00350606	1965.00	-0.000698422
1966.00	0.00498200	1966.00	-0.000768688
1967.00	0.00390055	1967.00	-0.000406459
1968.00	-3.96992e-06	1968.00	0.000326441
1969.00	-0.00247744	1969.00	3.80554e-05
1970.00	-0.000206485	1970.00	-0.000308317
1971.00	0.00175266	1971.00	-0.00118639
1972.00	0.00258259	1972.00	-0.00205228
1973.00	0.00224149	1973.00	-0.000411570
1974.00	0.00295670	1974.00	-0.00122567
1975.00	0.00118945	1975.00	-0.000648028
1976.00	0.000200138	1976.00	-0.00103940
1977.00	-0.000460895	1977.00	0.000336864
1978.00	4.92323e-05	1978.00	0.000582566
1979.00	0.000665794	1979.00	0.000970729
1980.00	0.00350658	1980.00	0.000204255
1981.00	0.00109161	1981.00	0.00118733
1982.00	0.00121748	1982.00	0.000288542
1983.00	-0.000223509	1983.00	-0.00119425
1984.00	0.000864274	1984.00	-0.00116086
1985.00	0.000155342	1985.00	-0.000657597
1986.00	-0.00146445	1986.00	-0.00102979
1987.00	0.000506668	1987.00	-0.00134221
1988.00	0.000680771	1988.00	-0.000534072
1989.00	-0.000133507	1989.00	0.00125787
1990.00	-0.000499123	1990.00	0.00157907
1991.00	3.72286e-05	1991.00	8.94843e-05
1992.00	0.00167662	1992.00	-0.000236718
1993.00	0.00206345	1993.00	-0.000723099
1994.00	0.000645281	1994.00	-0.000760746
1995.00	0.000806560	1995.00	-0.00102848
1996.00	-9.72646e-05	1996.00	-0.000683622
1997.00	-0.00100535	1997.00	-0.00158235
1998.00	-0.00337358	1998.00	9.36624e-05
1999.00	-0.000901534	1999.00	8.05095e-05
