XDAS1	DAS1	XDAS2	DAS2
0.00000	4.51952e-05	0.00000	0.000111076
1.00000	0.000551941	1.00000	0.000423286
2.00000	0.00150357	2.00000	0.00101833
3.00000	-0.00118521	3.00000	2.01079e-05
4.00000	-0.00338730	4.00000	-0.00137095
5.00000	-0.00227678	5.00000	-0.000208436
6.00000	-0.00234360	6.00000	0.000554287
7.00000	-0.00193217	7.00000	0.000808253
8.00000	-0.00222686	8.00000	0.000395343
9.00000	-0.000390125	9.00000	0.000908351
10.0000	0.00286277	10.0000	0.00191977
11.0000	0.000304997	11.0000	0.000592280
12.0000	-0.000439632	12.0000	0.000378845
13.0000	-0.000446792	13.0000	-0.00143351
14.0000	0.00115821	14.0000	0.000620039
15.0000	0.00466826	15.0000	0.00264917
16.0000	0.00603628	16.0000	0.00283820
17.0000	0.00387507	17.0000	0.000579731
18.0000	-0.00202401	18.0000	-0.00136164
19.0000	-0.00248184	19.0000	-0.000533051
20.0000	-0.00106240	20.0000	-0.00123434
21.0000	0.000428957	21.0000	-0.00162677
22.0000	-0.00397201	22.0000	-0.000810343
23.0000	-0.00516642	23.0000	-0.000514996
24.0000	-0.00304818	24.0000	-0.000692510
25.0000	-0.000472350	25.0000	-0.000688607
26.0000	0.00201332	26.0000	-0.000791929
27.0000	0.000769242	27.0000	0.000285662
28.0000	0.000795121	28.0000	0.00163454
29.0000	0.000356248	29.0000	0.00105148
30.0000	-0.00156677	30.0000	-0.000469549
31.0000	-0.00170255	31.0000	-0.00108952
32.0000	-0.00266519	32.0000	2.46880e-05
33.0000	-0.000582163	33.0000	-0.000448918
34.0000	-0.000319035	34.0000	0.00161237
35.0000	-0.000146761	35.0000	0.00156007
36.0000	-0.00170570	36.0000	0.000689348
37.0000	0.000946697	37.0000	0.000182061
38.0000	-0.000439145	38.0000	0.000337592
39.0000	-0.000155643	39.0000	-0.000901874
40.0000	-0.00246858	40.0000	-0.00248038
41.0000	0.00238102	41.0000	-0.00268453
42.0000	0.00220169	42.0000	-0.00322780
43.0000	0.00161971	43.0000	-0.00434753
44.0000	0.000746511	44.0000	-0.00351544
45.0000	-0.000353289	45.0000	-0.00176751
46.0000	0.00113915	46.0000	-0.000170060
47.0000	0.00409799	47.0000	-0.000602792
48.0000	0.00458814	48.0000	-0.000395493
49.0000	0.00209633	49.0000	3.82425e-05
50.0000	6.23203e-05	50.0000	0.000792841
51.0000	-0.00116864	51.0000	0.000636218
52.0000	-0.000551635	52.0000	0.000512216
53.0000	-0.000637943	53.0000	0.000509747
54.0000	0.00113427	54.0000	-0.00182478
55.0000	0.000618075	55.0000	-0.00277439
56.0000	-0.00246315	56.0000	0.000785131
57.0000	-0.00390543	57.0000	0.00249889
58.0000	-0.00178660	58.0000	0.00288223
59.0000	0.00134870	59.0000	0.000825476
60.0000	0.00179569	60.0000	0.00129980
61.0000	0.000200502	61.0000	0.000527233
62.0000	0.00132129	62.0000	0.000277634
63.0000	0.00198624	63.0000	0.000149319
64.0000	0.00277898	64.0000	-0.000115334
65.0000	0.000572517	65.0000	-0.000360567
66.0000	-0.000520076	66.0000	-0.00134675
67.0000	-0.000427221	67.0000	-0.00127240
68.0000	-0.00190764	68.0000	-0.000281719
69.0000	-0.000759566	69.0000	0.000607538
70.0000	-0.00104306	70.0000	0.00170220
71.0000	0.00126328	71.0000	0.00115075
72.0000	-0.000835387	72.0000	0.00132091
73.0000	0.000870494	73.0000	0.00161175
74.0000	-0.000542515	74.0000	-0.000503635
75.0000	-0.000970944	75.0000	0.00193551
76.0000	-0.00147420	76.0000	0.000503196
77.0000	-0.00113264	77.0000	0.00264032
78.0000	-0.00228174	78.0000	-0.000201936
79.0000	-0.00406230	79.0000	0.00123121
80.0000	-0.00174897	80.0000	-0.000683555
81.0000	-1.93192e-05	81.0000	-0.000178321
82.0000	0.00114874	82.0000	-0.00106113
83.0000	-0.00232196	83.0000	-0.000952368
84.0000	-0.00290107	84.0000	-0.000339875
85.0000	-0.00321560	85.0000	0.00198249
86.0000	-0.000291845	86.0000	0.00377579
87.0000	0.00198543	87.0000	0.00315588
88.0000	0.00419854	88.0000	0.00131344
89.0000	0.00338425	89.0000	0.000364567
90.0000	0.00302683	90.0000	-0.000259798
91.0000	0.00295969	91.0000	-0.000462215
92.0000	-0.000883638	92.0000	-0.000486538
93.0000	-0.00269682	93.0000	0.000145029
94.0000	-0.00249009	94.0000	-0.000405934
95.0000	-0.000835771	95.0000	-0.00119882
96.0000	0.00126193	96.0000	-0.000678264
97.0000	0.00315290	97.0000	-0.000428631
98.0000	0.00337543	98.0000	0.00270564
99.0000	8.99225e-05	99.0000	0.000108663
100.000	-0.00113224	100.000	-0.000267342
101.000	-0.000573050	101.000	-0.00171136
102.000	0.000600843	102.000	-0.00111917
103.000	-0.00125511	103.000	-0.000134960
104.000	-0.00135981	104.000	-3.71494e-05
105.000	-0.00158670	105.000	-2.86978e-05
106.000	-0.00206327	106.000	6.50761e-05
107.000	-0.000753400	107.000	0.00105819
108.000	-0.00202559	108.000	0.00120975
109.000	0.000154175	109.000	0.000151435
110.000	-0.00105833	110.000	1.01113e-05
111.000	-0.00201789	111.000	-0.000409705
112.000	-0.000113018	112.000	0.000276420
113.000	-0.00128438	113.000	-0.000885351
114.000	0.000201698	114.000	-0.000482325
115.000	-0.00166701	115.000	-0.000829039
116.000	-0.00123436	116.000	-0.00269255
117.000	-0.00311467	117.000	-0.00124196
118.000	0.000180931	118.000	-0.00159572
119.000	0.000611313	119.000	-0.00102113
120.000	0.000206148	120.000	-0.00142862
121.000	0.000982359	121.000	-0.000971684
122.000	-0.00220286	122.000	-0.00166448
123.000	0.000750182	123.000	-0.000548418
124.000	0.00220972	124.000	-0.000535462
125.000	0.00383220	125.000	-0.000548042
126.000	-0.00123458	126.000	5.93499e-05
127.000	-0.00206467	127.000	-0.000944451
128.000	-0.00430809	128.000	-0.00100357
129.000	-0.00170667	129.000	0.000814660
130.000	-0.000652388	130.000	0.00141840
131.000	-0.00112747	131.000	0.000144808
132.000	0.00257801	132.000	-0.000779535
133.000	0.000449098	133.000	-0.00192036
134.000	0.00169557	134.000	-0.00119331
135.000	-0.00180826	135.000	-0.000213020
136.000	-0.00162253	136.000	0.00118403
137.000	0.00126760	137.000	-3.54827e-05
138.000	0.00201048	138.000	-0.00164349
139.000	0.000314077	139.000	-0.000364958
140.000	-0.00332892	140.000	0.000556581
141.000	-0.00318637	141.000	0.00101145
142.000	-0.00207901	142.000	0.000296287
143.000	-0.00206272	143.000	-0.00114952
144.000	-0.00307444	144.000	-4.00315e-05
145.000	-0.000511777	145.000	3.38554e-05
146.000	-0.00250529	146.000	0.00190982
147.000	-0.00117361	147.000	1.85809e-05
148.000	0.00138722	148.000	0.000224912
149.000	0.000590146	149.000	-0.00138055
150.000	-0.00254302	150.000	0.000317360
151.000	-0.00255945	151.000	-0.000168346
152.000	-0.00171116	152.000	-0.000614412
153.000	-5.18519e-05	153.000	-0.000101841
154.000	-0.000362890	154.000	0.000831156
155.000	0.00164495	155.000	-0.000315672
156.000	0.000600885	156.000	-0.000516887
157.000	0.000139791	157.000	-0.000408964
158.000	0.000621955	158.000	0.000807286
159.000	-0.00303091	159.000	0.00171921
160.000	-0.00427836	160.000	0.00167570
161.000	-0.00395807	161.000	0.00203396
162.000	-0.000615929	162.000	0.000530089
163.000	0.000466877	163.000	-0.000340442
164.000	0.00134466	164.000	0.00105982
165.000	-0.00154005	165.000	0.000757082
166.000	-0.00212617	166.000	-6.36233e-05
167.000	-0.000474616	167.000	0.000128162
168.000	-0.000264686	168.000	-0.000814189
169.000	0.000962550	169.000	-0.000159902
170.000	0.000381816	170.000	-0.00247513
171.000	0.000485233	171.000	-0.00175314
172.000	-0.00268150	172.000	-0.00184737
173.000	-0.00171698	173.000	-0.00204465
174.000	0.000438106	174.000	-0.000674794
175.000	0.00230405	175.000	-0.000344688
176.000	0.00472580	176.000	0.000916322
177.000	0.00329572	177.000	-0.000388861
178.000	-9.45901e-06	178.000	0.00190752
179.000	-0.000457029	179.000	0.000921774
180.000	-0.00190746	180.000	0.00116864
181.000	0.00148284	181.000	-0.000397762
182.000	0.00183426	182.000	-0.000118931
183.000	0.00165419	183.000	-0.00172180
184.000	0.00106751	184.000	-0.000475828
185.000	-0.000277826	185.000	-0.00101013
186.000	0.000269575	186.000	-0.000417966
187.000	7.39845e-05	187.000	-0.000301606
188.000	-0.000250894	188.000	0.00232274
189.000	-0.000534675	189.000	0.00209503
190.000	-0.000615560	190.000	0.000641220
191.000	0.00253738	191.000	-0.000205537
192.000	0.00378994	192.000	-0.00208701
193.000	0.00394631	193.000	-0.000392334
194.000	0.00232779	194.000	-0.00139316
195.000	-0.00144971	195.000	-0.000206866
196.000	-0.00101612	196.000	-0.000570782
197.000	-0.00246021	197.000	-9.36027e-05
198.000	0.00122853	198.000	-0.000829628
199.000	0.00523508	199.000	0.000103363
200.000	0.00312312	200.000	1.99552e-05
201.000	-0.00106566	201.000	0.000960326
202.000	-0.00477641	202.000	0.00133342
203.000	-0.00237629	203.000	0.00141601
204.000	-0.00290709	204.000	5.89811e-05
205.000	5.77343e-07	205.000	0.000184355
206.000	-0.000174961	206.000	-0.000117595
207.000	4.55665e-05	207.000	-0.000341166
208.000	-0.00263435	208.000	-0.000434591
209.000	-0.00253052	209.000	-0.000303201
210.000	0.000390416	210.000	0.000808937
211.000	-8.07496e-05	211.000	0.00147602
212.000	-8.78310e-05	212.000	0.000315361
213.000	-0.00222443	213.000	-0.000300854
214.000	-0.00301975	214.000	-0.000621354
215.000	-0.00441633	215.000	-0.000893096
216.000	-0.00152945	216.000	-0.00112315
217.000	0.000277705	217.000	-0.00122756
218.000	0.00142330	218.000	-0.000945713
219.000	0.000468125	219.000	-0.00144929
220.000	0.00103911	220.000	-0.000827612
221.000	-0.00246940	221.000	-0.000783260
222.000	-0.00237235	222.000	-0.00115874
223.000	-0.00250434	223.000	-0.00139929
224.000	-0.00177005	224.000	0.00104797
225.000	-0.00165901	225.000	-0.000203251
226.000	-0.00108830	226.000	4.12188e-05
227.000	-0.000186904	227.000	-0.00110394
228.000	-0.00158926	228.000	0.000724840
229.000	-3.31291e-05	229.000	0.00139143
230.000	-0.00158197	230.000	0.00109463
231.000	0.000502290	231.000	0.000660432
232.000	-7.05271e-06	232.000	-0.000488586
233.000	-0.00177804	233.000	-0.00137256
234.000	-0.00232023	234.000	-0.00241620
235.000	-0.00224040	235.000	-0.00123343
236.000	-0.000866799	236.000	0.000575317
237.000	0.00116143	237.000	0.000542143
238.000	0.000650394	238.000	-0.000517937
239.000	0.00128420	239.000	-0.00122008
240.000	9.63373e-05	240.000	-0.00105848
241.000	-0.00133729	241.000	-0.00136657
242.000	-0.00102063	242.000	-0.000191430
243.000	-0.00122735	243.000	-0.000497219
244.000	-0.000397387	244.000	-0.000384087
245.000	-0.00153373	245.000	-2.28149e-05
246.000	-0.000745144	246.000	-0.000186844
247.000	-0.00201320	247.000	-6.78682e-05
248.000	-0.000766257	248.000	5.88808e-05
249.000	0.000253829	249.000	-0.000707720
250.000	8.17798e-05	250.000	-0.00152544
251.000	-0.00183058	251.000	-0.00143796
252.000	-0.000953957	252.000	-0.00138390
253.000	0.000720366	253.000	-0.000576595
254.000	0.00269686	254.000	-0.00162876
255.000	-0.000283988	255.000	0.000499007
256.000	-0.00140106	256.000	-0.000466896
257.000	-0.000421154	257.000	0.000860236
258.000	0.00109534	258.000	6.29285e-05
259.000	0.00146997	259.000	0.00139395
260.000	0.00116473	260.000	0.000817361
261.000	0.000298794	261.000	0.00157444
262.000	-0.00334276	262.000	0.00109945
263.000	-0.00337121	263.000	0.00211035
264.000	-0.00103083	264.000	0.00120778
265.000	2.65927e-05	265.000	0.000253494
266.000	-0.00163365	266.000	-0.00149053
267.000	0.00152540	267.000	-0.00248666
268.000	0.00562578	268.000	-0.00444329
269.000	0.00601613	269.000	-0.00338859
270.000	0.00404400	270.000	-0.00220654
271.000	0.00179932	271.000	-0.00166208
272.000	-0.000833550	272.000	-3.21140e-05
273.000	-0.00109857	273.000	0.000266557
274.000	0.000574425	274.000	0.00101207
275.000	0.00152955	275.000	-0.000950783
276.000	0.00109036	276.000	0.000362048
277.000	-0.000970209	277.000	0.000932531
278.000	-0.00322974	278.000	0.00168849
279.000	-0.00425564	279.000	0.000182164
280.000	-0.00327403	280.000	-0.00147663
281.000	-0.00204230	281.000	-0.000914091
282.000	-0.00217322	282.000	-0.000186705
283.000	-0.00159742	283.000	1.65174e-05
284.000	-0.00177234	284.000	0.00115349
285.000	-0.000444591	285.000	0.00108257
286.000	-0.00119247	286.000	-0.000188406
287.000	-0.000522056	287.000	0.000219092
288.000	-0.00160125	288.000	0.00116053
289.000	-0.000506249	289.000	0.000743516
290.000	-0.000595036	290.000	0.000535806
291.000	-0.00132852	291.000	-0.000143323
292.000	-0.000434491	292.000	0.000598576
293.000	-0.00170309	293.000	0.000665006
294.000	-0.00160809	294.000	0.000555186
295.000	-0.00343781	295.000	-0.000751283
296.000	-0.00305443	296.000	-0.00138947
297.000	-0.00163263	297.000	-0.000993781
298.000	0.000426482	298.000	3.55376e-05
299.000	0.00293822	299.000	-0.000261839
300.000	0.00304216	300.000	-0.00139200
301.000	0.000940711	301.000	-0.00163484
302.000	-0.000571411	302.000	-0.00109057
303.000	-0.000749429	303.000	-0.00153343
304.000	-0.00156464	304.000	-0.00135767
305.000	-0.00283762	305.000	0.000552501
306.000	-0.00182038	306.000	-0.000520032
307.000	0.000183092	307.000	-0.000197400
308.000	0.00185864	308.000	-0.000822507
309.000	-0.000425950	309.000	0.00137467
310.000	0.000218124	310.000	0.00218617
311.000	0.000552664	311.000	0.00198917
312.000	-0.000660855	312.000	0.00201452
313.000	-0.00144693	313.000	0.000248347
314.000	-0.00313421	314.000	-0.00120140
315.000	0.000746078	315.000	-0.00150028
316.000	0.00186958	316.000	-0.00106746
317.000	0.000891098	317.000	0.00206810
318.000	0.00107275	318.000	0.00105650
319.000	0.000265100	319.000	-0.000254112
320.000	-0.000281571	320.000	-0.00182855
321.000	-0.000461188	321.000	-0.00247157
322.000	-0.00182163	322.000	-0.000513606
323.000	-0.00464719	323.000	-0.000283156
324.000	-0.00388564	324.000	-7.70921e-05
325.000	-0.00337419	325.000	-0.000576260
326.000	-0.00103332	326.000	-0.00133286
327.000	-0.000641581	327.000	-1.87185e-05
328.000	-0.00128610	328.000	0.000989438
329.000	0.000180224	329.000	0.00199620
330.000	0.000925619	330.000	0.000400807
331.000	0.000566008	331.000	9.07072e-05
332.000	9.33626e-05	332.000	0.000435622
333.000	0.000248547	333.000	0.000470373
334.000	0.00176445	334.000	0.000456631
335.000	0.00367760	335.000	-0.000805112
336.000	0.00352659	336.000	-0.000721780
337.000	0.000789534	337.000	0.000159298
338.000	-1.94074e-05	338.000	0.000258438
339.000	0.000324885	339.000	0.000542088
340.000	0.000681145	340.000	-0.000911314
341.000	0.00244147	341.000	-4.87753e-05
342.000	-0.00301697	342.000	-0.000311019
343.000	-0.00206469	343.000	0.000177153
344.000	-0.00306349	344.000	0.000229302
345.000	-0.000875226	345.000	-0.000367561
346.000	-0.00107784	346.000	-0.000624220
347.000	0.000287792	347.000	-0.00120520
348.000	0.00186498	348.000	-0.00213689
349.000	0.00158757	349.000	-0.000808208
350.000	0.00233143	350.000	0.000169383
351.000	0.00353217	351.000	-9.46192e-05
352.000	0.00165757	352.000	2.56138e-05
353.000	0.000462211	353.000	-0.000974610
354.000	0.00212236	354.000	-0.00126596
355.000	0.00550722	355.000	6.36171e-05
356.000	0.00457864	356.000	0.000313788
357.000	0.000226839	357.000	0.000623297
358.000	-0.00292378	358.000	-0.000164675
359.000	-0.00279242	359.000	2.57301e-05
360.000	-0.00172816	360.000	-3.61433e-05
361.000	0.000203844	361.000	-0.000230201
362.000	0.000607494	362.000	0.00182119
363.000	-0.00151750	363.000	0.00168693
364.000	-0.000642975	364.000	0.00107657
365.000	-0.00142731	365.000	0.000636566
366.000	-0.00196577	366.000	-7.88495e-05
367.000	-0.00377211	367.000	0.000128174
368.000	0.00140384	368.000	-0.00152904
369.000	0.00132200	369.000	0.000300188
370.000	-0.00127732	370.000	0.000380000
371.000	-0.00109328	371.000	-8.00410e-05
372.000	-0.00216688	372.000	-0.000563143
373.000	0.00171557	373.000	-7.12825e-05
374.000	-1.57654e-05	374.000	0.000539354
375.000	-0.00128225	375.000	-0.000150226
376.000	-0.000218403	376.000	-0.000233668
377.000	0.00154729	377.000	-0.000356770
378.000	0.00194159	378.000	-0.000757877
379.000	0.00124933	379.000	-0.00234433
380.000	0.000174811	380.000	-0.00123260
381.000	0.00136341	381.000	-0.000825673
382.000	0.00202261	382.000	-0.000820044
383.000	0.00340247	383.000	-0.00143952
384.000	0.00207322	384.000	-0.00133917
385.000	0.00309111	385.000	0.000529411
386.000	0.00199238	386.000	0.000835813
387.000	0.000755431	387.000	0.00106456
388.000	0.00112090	388.000	0.000808469
389.000	0.000960955	389.000	4.38253e-07
390.000	0.000340458	390.000	0.000261768
391.000	-0.00149166	391.000	0.000162138
392.000	-0.000556788	392.000	0.000129181
393.000	0.000160552	393.000	-0.000188870
394.000	-0.00236625	394.000	0.000308992
395.000	-0.00263527	395.000	-4.73417e-06
396.000	-0.00439242	396.000	-0.000566185
397.000	-0.000948493	397.000	0.000788979
398.000	0.000270011	398.000	-8.13681e-05
399.000	0.00196204	399.000	0.000621988
400.000	0.00157922	400.000	-0.000199400
401.000	0.00146605	401.000	-0.00222273
402.000	-0.000355295	402.000	-0.00214211
403.000	0.00266527	403.000	-0.000836491
404.000	0.00103668	404.000	0.000347236
405.000	-0.000820422	405.000	0.00105329
406.000	-0.00247601	406.000	0.000437709
407.000	-0.00307207	407.000	0.00154454
408.000	-0.00140470	408.000	0.000377836
409.000	-0.00292633	409.000	0.00188387
410.000	-0.00107943	410.000	-0.000398210
411.000	-0.000546712	411.000	0.000725980
412.000	0.00150719	412.000	0.000306415
413.000	8.40797e-05	413.000	-8.62821e-05
414.000	0.00142835	414.000	-0.000487235
415.000	0.000931065	415.000	-2.87699e-05
416.000	0.00365700	416.000	0.000333198
417.000	-0.000280975	417.000	0.000600631
418.000	-0.000250730	418.000	0.00127003
419.000	-0.00153429	419.000	-0.000547987
420.000	0.000341461	420.000	-0.00146438
421.000	0.000246930	421.000	-0.000915693
422.000	0.00338047	422.000	-9.51487e-05
423.000	0.00156078	423.000	0.000834714
424.000	0.00167905	424.000	0.000657713
425.000	0.00333309	425.000	-2.49293e-06
426.000	0.00404343	426.000	-0.00112542
427.000	0.00298169	427.000	0.000188183
428.000	-0.00235095	428.000	0.00180766
429.000	-0.00167286	429.000	0.00103991
430.000	-0.00144234	430.000	0.00141567
431.000	0.00182505	431.000	0.000124947
432.000	0.000924392	432.000	0.000444638
433.000	-0.000420450	433.000	-0.000935479
434.000	-0.00152401	434.000	-0.00109782
435.000	-0.000455406	435.000	-0.000327903
436.000	-0.000138108	436.000	0.000447165
437.000	0.00178780	437.000	0.000790022
438.000	-0.000355853	438.000	0.00153593
439.000	0.00102930	439.000	0.00138532
440.000	0.00210507	440.000	0.000667067
441.000	0.00208534	441.000	0.000110889
442.000	0.000781532	442.000	-8.00326e-05
443.000	0.000132886	443.000	3.58562e-05
444.000	0.00128308	444.000	-0.000400276
445.000	0.000422634	445.000	-0.000105309
446.000	0.00163242	446.000	-0.000102034
447.000	-0.00173721	447.000	0.000577671
448.000	0.000772968	448.000	0.000725123
449.000	-0.00133691	449.000	-0.00196517
450.000	0.000205154	450.000	-0.00106565
451.000	0.00157027	451.000	-0.00133916
452.000	0.00124470	452.000	0.000362529
453.000	0.00173996	453.000	0.000403599
454.000	0.00273485	454.000	-6.94006e-05
455.000	0.00158829	455.000	-0.000389142
456.000	0.00110577	456.000	-0.000128432
457.000	0.000555150	457.000	-0.000197884
458.000	0.00139284	458.000	0.000742168
459.000	-0.000702714	459.000	-1.62463e-05
460.000	-0.000856418	460.000	0.000359572
461.000	-0.00230098	461.000	0.000611898
462.000	-0.000960878	462.000	5.33171e-05
463.000	-0.000102040	463.000	0.000780318
464.000	0.00158931	464.000	4.17132e-05
465.000	0.00323202	465.000	-0.000504377
466.000	0.00241288	466.000	-0.000840860
467.000	-0.000104518	467.000	-0.000534408
468.000	-0.00139538	468.000	-0.000656906
469.000	-0.000798832	469.000	-0.000338846
470.000	-0.000576725	470.000	-0.000377674
471.000	0.000166119	471.000	0.000754293
472.000	0.000482984	472.000	0.00136346
473.000	0.000980505	473.000	0.000615833
474.000	-0.00114291	474.000	-0.000410792
475.000	-0.00179004	475.000	-0.000944606
476.000	-0.000917977	476.000	-0.00167743
477.000	0.000163120	477.000	-0.000953554
478.000	0.000273949	478.000	-0.000480980
479.000	-0.00128058	479.000	0.000656140
480.000	0.000563692	480.000	0.000932160
481.000	-0.000709875	481.000	0.00167674
482.000	0.000769372	482.000	0.000692466
483.000	0.00128125	483.000	-0.000158745
484.000	0.00271666	484.000	-0.00192374
485.000	0.000667014	485.000	-0.00166304
486.000	0.000856481	486.000	-0.00134055
487.000	0.000213464	487.000	-0.00171951
488.000	0.000350949	488.000	-0.00177648
489.000	-0.00319792	489.000	0.000393036
490.000	-0.00423373	490.000	0.00205407
491.000	-0.000623199	491.000	0.00133704
492.000	0.000153150	492.000	0.000322339
493.000	0.00107148	493.000	-0.000399026
494.000	0.000975538	494.000	0.000195070
495.000	0.000983456	495.000	-0.000556257
496.000	0.00105298	496.000	-0.000832087
497.000	-3.45225e-05	497.000	-0.00131551
498.000	-0.000765145	498.000	-0.00131522
499.000	-0.000958784	499.000	-0.000207496
500.000	-0.00126921	500.000	-0.00141991
501.000	0.000381875	501.000	-0.00120351
502.000	-0.000856554	502.000	-0.000610461
503.000	-0.000192264	503.000	-0.00104550
504.000	-0.00144993	504.000	-0.000381768
505.000	0.00205092	505.000	-0.000840408
506.000	0.00120650	506.000	-0.00133820
507.000	0.00221258	507.000	-0.00165953
508.000	0.00151356	508.000	-0.000703548
509.000	-0.000623188	509.000	-0.000955489
510.000	0.000836628	510.000	-0.00103696
511.000	0.000744651	511.000	-0.000942246
512.000	0.000438817	512.000	-0.000734830
513.000	0.000147325	513.000	-0.000855921
514.000	-0.000718200	514.000	-0.00102742
515.000	-0.00108969	515.000	-0.000868419
516.000	-0.000174363	516.000	-0.000434293
517.000	0.00173342	517.000	-0.000564025
518.000	0.00330261	518.000	0.000617164
519.000	0.00442688	519.000	0.000601659
520.000	0.00144033	520.000	0.000861402
521.000	0.000496696	521.000	-4.84890e-05
522.000	1.20559e-05	522.000	-0.000459259
523.000	-0.000412709	523.000	-0.00133404
524.000	8.95739e-05	524.000	8.33495e-05
525.000	-0.00123584	525.000	0.00168628
526.000	0.000543295	526.000	0.00124977
527.000	-0.000358301	527.000	0.000308137
528.000	-0.00156096	528.000	-8.29626e-05
529.000	0.000357708	529.000	9.61551e-05
530.000	0.000936046	530.000	0.000619293
531.000	0.00346351	531.000	0.000892316
532.000	0.00243931	532.000	0.000498891
533.000	0.00311875	533.000	-0.000795247
534.000	0.00233278	534.000	-0.00169467
535.000	0.00289764	535.000	-0.00200063
536.000	0.00296706	536.000	-0.000546363
537.000	0.00341618	537.000	-0.000822824
538.000	0.00289974	538.000	-0.00101435
539.000	0.00456086	539.000	-0.00114254
540.000	0.00377568	540.000	0.000368674
541.000	-3.18882e-05	541.000	0.000288938
542.000	-0.000951579	542.000	-0.000200289
543.000	0.000394243	543.000	-0.000425149
544.000	-0.000307251	544.000	0.000104512
545.000	3.69369e-05	545.000	0.000964546
546.000	0.00209546	546.000	0.00130118
547.000	0.00394803	547.000	0.000498479
548.000	0.00267751	548.000	0.000619123
549.000	-0.000109081	549.000	-0.000812836
550.000	0.000688948	550.000	-0.000617596
551.000	0.00129601	551.000	-0.000408944
552.000	0.00373999	552.000	0.000554353
553.000	0.000895604	553.000	0.00126280
554.000	0.000798211	554.000	0.00121142
555.000	-0.000209749	555.000	-0.000108578
556.000	-0.000111857	556.000	-0.000972630
557.000	-0.00121438	557.000	-0.00147996
558.000	-0.000260365	558.000	-0.000967717
559.000	-0.000347867	559.000	-0.000788117
560.000	-0.000921184	560.000	-0.000416308
561.000	-0.00331617	561.000	0.000591443
562.000	-0.00156584	562.000	-2.78390e-05
563.000	0.000264915	563.000	-0.000677173
564.000	-0.000950843	564.000	-0.000952688
565.000	-0.000950346	565.000	-0.000101245
566.000	-0.00277528	566.000	4.61767e-05
567.000	-0.00146872	567.000	-0.000415062
568.000	-0.00115097	568.000	-0.000228114
569.000	-0.00155594	569.000	0.000766958
570.000	-0.000355488	570.000	0.000523802
571.000	-0.00109453	571.000	0.000365387
572.000	0.00198003	572.000	-0.000104639
573.000	0.000573235	573.000	0.00116924
574.000	0.00156068	574.000	-0.000509028
575.000	-0.000395392	575.000	0.000144517
576.000	0.00295297	576.000	0.000562707
577.000	-0.000372395	577.000	0.000997308
578.000	-0.00120981	578.000	0.000655643
579.000	-0.00304198	579.000	0.000248541
580.000	-0.00172082	580.000	-0.000162684
581.000	-0.00206519	581.000	-0.00174807
582.000	-0.00209635	582.000	-0.000376432
583.000	-0.000342939	583.000	-0.000601023
584.000	0.00252744	584.000	-0.00148616
585.000	0.00265538	585.000	-0.00103783
586.000	0.00143545	586.000	-0.000658503
587.000	-0.000879164	587.000	-0.000594684
588.000	0.000800022	588.000	-0.00210957
589.000	0.00246493	589.000	-0.00231193
590.000	0.00265791	590.000	-0.000588707
591.000	-0.000228335	591.000	0.000490874
592.000	0.000696772	592.000	0.00133589
593.000	-0.00160539	593.000	0.000136807
594.000	-0.00139436	594.000	-0.000773920
595.000	0.000255235	595.000	-0.000561389
596.000	0.00171173	596.000	0.000627552
597.000	0.00178465	597.000	0.000957821
598.000	-0.000726067	598.000	0.000253527
599.000	-0.00527416	599.000	0.000771155
600.000	-0.00367696	600.000	0.000424633
601.000	0.000933760	601.000	-4.73706e-05
602.000	0.00353874	602.000	-0.000904862
603.000	0.00428158	603.000	-0.00178185
604.000	0.000812904	604.000	-0.000779224
605.000	-0.000190583	605.000	-0.000915249
606.000	-0.00158789	606.000	-0.000652076
607.000	-0.00205605	607.000	0.000684864
608.000	-0.00218567	608.000	0.00259544
609.000	-0.00163190	609.000	0.00200314
610.000	0.00272561	610.000	-0.00124875
611.000	0.00162870	611.000	-0.00257423
612.000	0.00409834	612.000	-0.00107725
613.000	0.00223215	613.000	-0.000741021
614.000	9.62824e-05	614.000	-0.000141773
615.000	0.00126237	615.000	-0.00155378
616.000	-0.00198293	616.000	-0.00167657
617.000	0.000749776	617.000	-0.00174958
618.000	-0.00190477	618.000	-0.00133370
619.000	-0.00317500	619.000	-0.000254128
620.000	-0.00114773	620.000	0.000730700
621.000	-0.00262668	621.000	0.00195711
622.000	-0.00178866	622.000	0.000492511
623.000	-0.000295430	623.000	0.000872192
624.000	-0.000126240	624.000	-0.000138504
625.000	0.000797201	625.000	-0.000734311
626.000	-0.00143656	626.000	-0.00138182
627.000	-0.000710028	627.000	-0.000853306
628.000	0.000460973	628.000	-0.00179172
629.000	0.000597550	629.000	-0.00138715
630.000	-0.000482878	630.000	-0.00139981
631.000	-0.000412403	631.000	0.000536899
632.000	-0.000213842	632.000	0.000468039
633.000	7.34922e-05	633.000	0.000815318
634.000	-0.000652615	634.000	0.000189840
635.000	-0.000958861	635.000	-0.000108971
636.000	-0.00214937	636.000	0.000759446
637.000	0.000406812	637.000	0.00156798
638.000	0.000122717	638.000	0.00271227
639.000	0.00114268	639.000	0.00187533
640.000	-0.00293431	640.000	0.00223802
641.000	-0.00271927	641.000	0.000789550
642.000	-0.00438422	642.000	0.000669465
643.000	-0.00465480	643.000	1.02071e-05
644.000	-0.00420270	644.000	0.000346671
645.000	-0.00451677	645.000	0.00203102
646.000	-0.00342063	646.000	0.00114797
647.000	0.000526083	647.000	0.00153775
648.000	0.00359480	648.000	0.000625275
649.000	0.00387361	649.000	0.00101649
650.000	0.00216419	650.000	0.00129843
651.000	-0.000293297	651.000	0.00108817
652.000	-0.00135759	652.000	0.000753717
653.000	-0.000456299	653.000	0.000260638
654.000	-0.00139237	654.000	0.00115955
655.000	-0.00353833	655.000	0.000908415
656.000	-0.00512687	656.000	0.00109919
657.000	-0.00183307	657.000	-0.000269016
658.000	-0.00153161	658.000	0.000736159
659.000	-0.000631229	659.000	-0.000546269
660.000	-0.00306413	660.000	-0.000125601
661.000	-0.00265248	661.000	0.000555235
662.000	-0.00337085	662.000	0.000560632
663.000	-0.00136795	663.000	0.000363679
664.000	-0.00156338	664.000	-0.00164868
665.000	0.000626492	665.000	-0.00162870
666.000	0.00153997	666.000	-0.00181781
667.000	0.00327956	667.000	-0.00269641
668.000	0.00166048	668.000	-0.00291990
669.000	-0.00168880	669.000	-0.00177883
670.000	-0.00419034	670.000	-0.000978375
671.000	-0.00121206	671.000	0.000670260
672.000	-0.00129044	672.000	-0.000109860
673.000	0.00110906	673.000	-0.00129702
674.000	4.40573e-05	674.000	-0.000434962
675.000	0.00102663	675.000	0.000472643
676.000	-0.00316559	676.000	0.00205295
677.000	-0.00285997	677.000	0.00156589
678.000	-0.00176339	678.000	0.00178259
679.000	-0.000367626	679.000	0.000111520
680.000	-7.44699e-05	680.000	0.00124951
681.000	0.000511515	681.000	0.000891368
682.000	-0.00209243	682.000	0.00128690
683.000	-0.000986435	683.000	0.00163526
684.000	-0.000891647	684.000	0.000497237
685.000	0.000272282	685.000	0.000237971
686.000	-0.000831030	686.000	-0.00228920
687.000	-0.00155535	687.000	-0.000480335
688.000	-0.00179087	688.000	-0.00119841
689.000	0.00137854	689.000	-0.000373115
690.000	0.00214183	690.000	-0.000697867
691.000	0.00176703	691.000	-0.000427431
692.000	0.00191889	692.000	-0.00124231
693.000	0.00166807	693.000	-0.00168639
694.000	-9.59088e-05	694.000	-0.000497565
695.000	0.000617941	695.000	6.02835e-06
696.000	0.00295139	696.000	-0.000783395
697.000	-0.000181148	697.000	-0.000693244
698.000	-0.00173081	698.000	-0.000503570
699.000	-0.00377300	699.000	0.00157518
700.000	0.000310442	700.000	0.00162127
701.000	0.000259958	701.000	0.000854475
702.000	-0.000477223	702.000	0.00205542
703.000	-0.00112416	703.000	0.000712624
704.000	-0.00167497	704.000	0.00120172
705.000	-2.80599e-05	705.000	-0.00114548
706.000	-0.000454518	706.000	-0.000884618
707.000	0.000451825	707.000	-0.000869289
708.000	0.000331953	708.000	0.000476268
709.000	0.000831465	709.000	0.000830128
710.000	-0.00110620	710.000	0.00156657
711.000	-0.00116538	711.000	0.000854680
712.000	-0.000377241	712.000	0.000356384
713.000	-0.000996621	713.000	-0.00142863
714.000	0.00248023	714.000	-0.00248602
715.000	0.00267081	715.000	-0.00190361
716.000	0.00385928	716.000	-0.000702888
717.000	-0.00112432	717.000	-0.000699465
718.000	0.00147805	718.000	-0.000967480
719.000	0.000742773	719.000	-0.00110275
720.000	0.00140233	720.000	-0.000460708
721.000	0.00108737	721.000	-0.00175984
722.000	-0.00128994	722.000	-0.00102366
723.000	-0.000119911	723.000	-0.000937310
724.000	-0.00237785	724.000	0.000547216
725.000	0.000527604	725.000	-0.000714756
726.000	-0.000554932	726.000	-0.00142040
727.000	-6.06208e-05	727.000	-0.00230744
728.000	-2.21149e-05	728.000	-0.00210654
729.000	-0.00108681	729.000	-0.000789061
730.000	0.00223928	730.000	-0.000700585
731.000	0.00188578	731.000	-0.000668448
732.000	0.000981689	732.000	-0.00172655
733.000	0.000273880	733.000	-0.00223605
734.000	0.00138124	734.000	-0.000763450
735.000	0.000211139	735.000	0.000915069
736.000	-0.000699585	736.000	0.000774815
737.000	0.000479912	737.000	-0.000651118
738.000	0.00171241	738.000	-0.00127584
739.000	-0.00186211	739.000	-0.00123362
740.000	-0.00234713	740.000	0.000238310
741.000	-0.00450121	741.000	0.000203520
742.000	-0.00493907	742.000	0.000485693
743.000	-0.00635904	743.000	-0.00142805
744.000	-0.00644493	744.000	-0.00194606
745.000	-0.000660549	745.000	-0.00135738
746.000	0.00197054	746.000	-0.00107930
747.000	0.000806209	747.000	-0.00185551
748.000	-0.00424737	748.000	-0.00311061
749.000	-0.00328660	749.000	-0.00357729
750.000	-0.00600848	750.000	-0.00212265
751.000	-0.00407166	751.000	-0.00262632
752.000	-0.00348865	752.000	-0.00362265
753.000	-0.00168318	753.000	-0.00371305
754.000	-0.00177795	754.000	-0.00248323
755.000	-0.00339283	755.000	-0.000663804
756.000	-0.00326014	756.000	-0.00291416
757.000	-0.00184984	757.000	-0.00317410
758.000	-0.00436287	758.000	-0.00116172
759.000	-0.00497276	759.000	0.000572195
760.000	-0.00788635	760.000	0.000976123
761.000	-0.00508840	761.000	-0.00101007
762.000	-0.00425616	762.000	-0.00242965
763.000	-0.00652574	763.000	-0.00205164
764.000	-0.00584253	764.000	-0.00228549
765.000	-0.00518440	765.000	-0.00288504
766.000	-0.00551630	766.000	-0.00221668
767.000	0.000263088	767.000	-0.00185300
768.000	4.36312e-05	768.000	-0.00244455
769.000	-0.000386522	769.000	-0.00281272
770.000	-0.00322156	770.000	-0.00157812
771.000	-0.00389627	771.000	-0.00190431
772.000	-0.00176975	772.000	-0.00297544
773.000	-0.00403757	773.000	-0.00157048
774.000	-0.00550021	774.000	-0.00207087
775.000	-0.00754282	775.000	0.000175292
776.000	-0.00386620	776.000	-0.00285490
777.000	-0.00303686	777.000	-0.00278514
778.000	-0.00246977	778.000	-0.00318012
779.000	-0.00366165	779.000	-0.00334837
780.000	-0.00429307	780.000	-0.00236661
781.000	-0.00588955	781.000	-0.00400466
782.000	-0.00566441	782.000	-0.00333780
783.000	-0.00204293	783.000	-0.00344863
784.000	0.000936724	784.000	-0.00164309
785.000	-0.00346863	785.000	0.00100037
786.000	-0.00691463	786.000	-0.000748415
787.000	-0.00430383	787.000	0.000676843
788.000	-0.00404098	788.000	-0.00266686
789.000	-0.00172978	789.000	-0.000702429
790.000	-0.00529429	790.000	-0.000494636
791.000	-0.00653469	791.000	0.000537773
792.000	-0.0141335	792.000	-0.000340416
793.000	-0.0127087	793.000	-0.00191678
794.000	-0.00823391	794.000	-0.00170785
795.000	-0.00654359	795.000	-0.00111462
796.000	-0.00594365	796.000	-4.97828e-05
797.000	-0.00609616	797.000	6.35454e-06
798.000	-0.00664494	798.000	-0.00220654
799.000	-0.00623763	799.000	-0.00143594
800.000	-0.00294975	800.000	-0.00186271
801.000	-0.00443326	801.000	-0.00383421
802.000	-0.00575268	802.000	-0.00289580
803.000	-0.00507436	803.000	-0.00298628
804.000	-0.00788920	804.000	-0.00118558
805.000	-0.00180285	805.000	-0.00248319
806.000	-0.00501582	806.000	-0.000846184
807.000	-0.00568251	807.000	-0.000707386
808.000	-0.00829776	808.000	-0.000901742
809.000	-0.00903916	809.000	-0.00151635
810.000	-0.00878136	810.000	-0.00352091
811.000	-0.00649055	811.000	-0.00303209
812.000	-0.00520244	812.000	-0.00117966
813.000	-0.00476909	813.000	-0.00204958
814.000	-0.00651983	814.000	-0.00279121
815.000	-0.00325541	815.000	-0.00329287
816.000	0.00186134	816.000	-0.00339334
817.000	0.000486045	817.000	-0.00261604
818.000	-0.00187191	818.000	-0.00127123
819.000	-0.00273611	819.000	-0.00445199
820.000	-0.00377583	820.000	-0.00315694
821.000	-0.00476013	821.000	-0.00408414
822.000	-0.00533239	822.000	-0.00276622
823.000	-0.00510029	823.000	-0.00203057
824.000	-0.00390201	824.000	-0.00209650
825.000	-0.00623745	825.000	-0.000616648
826.000	-0.00690727	826.000	-0.00113737
827.000	-0.00644532	827.000	-0.00358960
828.000	-0.00487111	828.000	-0.00404642
829.000	-0.0109841	829.000	-0.00191493
830.000	-0.0147659	830.000	0.000184719
831.000	-0.0118703	831.000	0.00102222
832.000	-0.00654996	832.000	-0.00121093
833.000	-0.00606371	833.000	-0.00196499
834.000	-0.00847074	834.000	-0.00174915
835.000	-0.0103956	835.000	-0.00209781
836.000	-0.0121646	836.000	-0.00225041
837.000	-0.0114583	837.000	-0.000884342
838.000	-0.0110477	838.000	0.000179079
839.000	-0.00870093	839.000	-0.000244029
840.000	-0.00950410	840.000	-0.00114815
841.000	-0.0103128	841.000	-0.00441075
842.000	-0.00990059	842.000	-0.00566852
843.000	-0.00837806	843.000	-0.00480195
844.000	-0.0118417	844.000	-0.00299978
845.000	-0.00742137	845.000	0.000445444
846.000	-0.0105797	846.000	-0.000864691
847.000	-0.00844077	847.000	0.00102254
848.000	-0.0108665	848.000	0.00157386
849.000	-0.0104172	849.000	-0.00148486
850.000	-0.00877054	850.000	-0.00274831
851.000	-0.00924634	851.000	-0.00296985
852.000	-0.0102888	852.000	-0.00389791
853.000	-0.0118763	853.000	-0.00351437
854.000	-0.0125714	854.000	-0.00282900
855.000	-0.0114618	855.000	-0.000861489
856.000	-0.0102342	856.000	-0.00175861
857.000	-0.0109512	857.000	-0.00179588
858.000	-0.0106357	858.000	-0.00208537
859.000	-0.0106019	859.000	-0.00157172
860.000	-0.00310563	860.000	-0.00341509
861.000	-0.00774135	861.000	-0.00425059
862.000	-0.00983742	862.000	-0.00531942
863.000	-0.0153463	863.000	-0.00400661
864.000	-0.00928880	864.000	-0.00160573
865.000	-0.00986519	865.000	-0.000369329
866.000	-0.0107283	866.000	6.30013e-05
867.000	-0.00946591	867.000	-0.00233824
868.000	-0.0118799	868.000	-0.00203618
869.000	-0.0155512	869.000	-0.00192192
870.000	-0.0145545	870.000	5.67928e-05
871.000	-0.0129970	871.000	-0.00105766
872.000	-0.0108708	872.000	-0.00112910
873.000	-0.00978440	873.000	-0.00330108
874.000	-0.0110128	874.000	-0.00150743
875.000	-0.00701273	875.000	-0.00421355
876.000	-0.00581924	876.000	-0.00342977
877.000	-0.0100905	877.000	-0.00270038
878.000	-0.0185089	878.000	0.000753482
879.000	-0.0157295	879.000	0.000364774
880.000	-0.0121666	880.000	-0.000839461
881.000	-0.00893223	881.000	-0.00348004
882.000	-0.00926635	882.000	-0.00219108
883.000	-0.0116873	883.000	-0.00329785
884.000	-0.00524439	884.000	0.000998754
885.000	-0.00643490	885.000	-0.000581065
886.000	-0.00303036	886.000	-0.00141287
887.000	-0.00774808	887.000	-0.00468791
888.000	-0.00806108	888.000	-0.00724310
889.000	-0.00851457	889.000	-0.00428748
890.000	-0.0106145	890.000	-0.00647027
891.000	-0.00802278	891.000	-0.00793547
892.000	-0.0125438	892.000	-0.00354966
893.000	-0.0134104	893.000	-0.00272962
894.000	-0.0165230	894.000	-0.000364494
895.000	-0.0160171	895.000	-0.00128139
896.000	-0.0129538	896.000	-0.00252878
897.000	-0.00921337	897.000	-0.00214318
898.000	-0.00954428	898.000	-0.00379740
899.000	-0.0101107	899.000	-0.00340182
900.000	-0.00898110	900.000	-0.00638738
901.000	-0.0106034	901.000	-0.00533580
902.000	-0.0119736	902.000	-0.00550754
903.000	-0.0121548	903.000	-0.00804006
904.000	-0.0121172	904.000	-0.00758945
905.000	-0.0109497	905.000	-0.00684903
906.000	-0.00510839	906.000	-0.00487370
907.000	-0.00495791	907.000	-0.00306998
908.000	-0.00398414	908.000	-0.00127196
909.000	-0.00871936	909.000	0.000300647
910.000	-0.0108617	910.000	-0.00196575
911.000	-0.0129313	911.000	-0.00156968
912.000	-0.0150791	912.000	-0.00273400
913.000	-0.0177923	913.000	-0.000650951
914.000	-0.0166904	914.000	-0.00134372
915.000	-0.0115535	915.000	-0.000147981
916.000	-0.0149579	916.000	-0.000810530
917.000	-0.00974722	917.000	-0.00149368
918.000	-0.0135114	918.000	-0.00121888
919.000	-0.0115143	919.000	-0.00387227
920.000	-0.0143952	920.000	-0.00529568
921.000	-0.0120020	921.000	-0.00721859
922.000	-0.00616193	922.000	-0.00771668
923.000	-0.0148306	923.000	-0.00592564
924.000	-0.0110386	924.000	-0.00394538
925.000	-0.0113318	925.000	-0.00284377
926.000	-0.00811704	926.000	-0.00280222
927.000	-0.0118882	927.000	-0.00119131
928.000	-0.0127598	928.000	0.00104175
929.000	-0.0168842	929.000	0.00116582
930.000	-0.0156913	930.000	-0.00216700
931.000	-0.0185379	931.000	-0.00245672
932.000	-0.0139923	932.000	-0.00263451
933.000	-0.00648673	933.000	-0.00222408
934.000	-0.00720909	934.000	-0.00183326
935.000	-0.0115221	935.000	-0.000945320
936.000	-0.0155122	936.000	-8.54546e-05
937.000	-0.0167401	937.000	-0.000906036
938.000	-0.0138399	938.000	-0.00273223
939.000	-0.0138717	939.000	-0.00500540
940.000	-0.0113212	940.000	-0.00463225
941.000	-0.0153687	941.000	-0.000958983
942.000	-0.0141403	942.000	0.00220259
943.000	-0.0145981	943.000	0.000686937
944.000	-0.0153438	944.000	-0.000646974
945.000	-0.0127788	945.000	-0.00241382
946.000	-0.00993224	946.000	-0.00333538
947.000	-0.00878066	947.000	-0.00126195
948.000	-0.00954348	948.000	-0.000510016
949.000	-0.0112516	949.000	0.00134115
950.000	-0.0102426	950.000	0.000670861
951.000	-0.00585906	951.000	-0.000877049
952.000	-0.00482596	952.000	-0.00137846
953.000	-0.00304448	953.000	-0.00260902
954.000	-0.0131209	954.000	-0.00158938
955.000	-0.0135510	955.000	-0.00282173
956.000	-0.0135758	956.000	-0.00391732
957.000	-0.0114462	957.000	-0.00383844
958.000	-0.00534260	958.000	-0.00220162
959.000	-0.00694591	959.000	-0.00452041
960.000	-0.00674115	960.000	-0.00559573
961.000	-0.0112613	961.000	-0.00626265
962.000	-0.0102237	962.000	-0.00423967
963.000	-0.00579857	963.000	-0.00190587
964.000	-0.00324542	964.000	-0.00225989
965.000	-0.00214534	965.000	-0.000910173
966.000	-0.00380876	966.000	-0.000716500
967.000	-0.00542472	967.000	-0.00115049
968.000	-0.00441363	968.000	-0.00253490
969.000	-0.00764002	969.000	-0.00198835
970.000	-0.00857291	970.000	0.000714958
971.000	-0.00926214	971.000	0.00165391
972.000	-0.00930697	972.000	0.000275905
973.000	-0.0109929	973.000	-0.000800024
974.000	-0.0105582	974.000	-0.00372928
975.000	-0.0103263	975.000	-0.00164010
976.000	-0.0113984	976.000	-0.000916097
977.000	-0.0113861	977.000	-0.000910783
978.000	-0.00828540	978.000	-0.00207512
979.000	-0.00263017	979.000	-0.00248079
980.000	-0.00293381	980.000	-0.00280086
981.000	-0.00531922	981.000	-0.000691956
982.000	-0.00294906	982.000	-0.000305115
983.000	-0.00466102	983.000	-0.000209604
984.000	-0.00542414	984.000	-0.00105311
985.000	-0.00946211	985.000	-0.000821768
986.000	-0.00539825	986.000	0.00115287
987.000	-0.00757882	987.000	0.00135903
988.000	-0.00658762	988.000	-0.000155717
989.000	-0.00574931	989.000	-0.00150036
990.000	-0.00322497	990.000	-0.00298982
991.000	-0.00526152	991.000	-0.00388171
992.000	-0.0103193	992.000	-0.00204695
993.000	-0.0113244	993.000	0.000415128
994.000	-0.0138720	994.000	0.00280168
995.000	-0.00774308	995.000	0.00272711
996.000	-0.00422271	996.000	0.000626284
997.000	-0.00288979	997.000	-0.00149173
998.000	-0.00527793	998.000	-0.00122097
999.000	-0.00471530	999.000	9.35250e-05
1000.00	-0.00480424	1000.00	-0.00114722
1001.00	-0.00184686	1001.00	-0.00205961
1002.00	-0.00292252	1002.00	-0.00377127
1003.00	-0.00418909	1003.00	-0.000576327
1004.00	-0.00688218	1004.00	7.06093e-05
1005.00	-0.00373392	1005.00	-0.000854669
1006.00	-0.00679808	1006.00	9.13874e-05
1007.00	-0.00493571	1007.00	-0.00139499
1008.00	-0.00489199	1008.00	0.000103076
1009.00	-0.00500047	1009.00	-0.00217299
1010.00	-0.00678098	1010.00	-0.00194467
1011.00	-0.00515520	1011.00	-0.00202591
1012.00	-0.00370604	1012.00	-0.00226346
1013.00	-0.00181416	1013.00	-0.00188277
1014.00	-0.00440904	1014.00	-0.000688355
1015.00	-0.00455797	1015.00	-0.000885280
1016.00	-0.00253876	1016.00	-0.000894617
1017.00	-0.00100570	1017.00	-0.00233835
1018.00	-0.00172549	1018.00	0.00196359
1019.00	3.48610e-05	1019.00	-5.62947e-05
1020.00	-0.00167891	1020.00	0.00154869
1021.00	-0.00128521	1021.00	0.000834803
1022.00	0.000160932	1022.00	0.00105117
1023.00	-4.29179e-05	1023.00	0.00242502
1024.00	0.000217329	1024.00	0.000209646
1025.00	-0.00143788	1025.00	-0.000461745
1026.00	0.000780253	1026.00	-0.00143091
1027.00	-0.000784077	1027.00	-0.000805443
1028.00	-0.00225850	1028.00	0.000128015
1029.00	-0.000686544	1029.00	0.000311096
1030.00	-0.00115114	1030.00	0.00121376
1031.00	8.30389e-06	1031.00	0.000470463
1032.00	-0.00125317	1032.00	0.000750915
1033.00	0.00337936	1033.00	-0.000384425
1034.00	-0.000998111	1034.00	-0.00119401
1035.00	0.000267206	1035.00	-0.00262677
1036.00	-0.00130886	1036.00	-0.00148532
1037.00	0.000193432	1037.00	-0.000570403
1038.00	-0.000941830	1038.00	0.000148155
1039.00	0.000211651	1039.00	-0.000289297
1040.00	1.11119e-05	1040.00	0.000498294
1041.00	0.000175992	1041.00	2.51529e-05
1042.00	0.00140287	1042.00	-0.00132096
1043.00	0.00307508	1043.00	-0.000479344
1044.00	0.00223346	1044.00	-0.000195366
1045.00	0.000352704	1045.00	-0.000318066
1046.00	-0.00194620	1046.00	-0.00106933
1047.00	-0.000776193	1047.00	-0.00211383
1048.00	-0.00300265	1048.00	-0.00119408
1049.00	-0.000969981	1049.00	-0.000977196
1050.00	-0.00187789	1050.00	-0.000934897
1051.00	-0.000816914	1051.00	-0.000405326
1052.00	0.000873524	1052.00	-0.000716187
1053.00	-0.000599318	1053.00	0.000623672
1054.00	-0.00165508	1054.00	0.000200576
1055.00	-0.00253415	1055.00	0.000819126
1056.00	-0.00141196	1056.00	0.00110422
1057.00	-1.67217e-05	1057.00	0.00160331
1058.00	-0.00253824	1058.00	0.00131128
1059.00	-0.00177929	1059.00	8.57094e-06
1060.00	0.000164523	1060.00	-0.000757002
1061.00	0.000696777	1061.00	-0.000855274
1062.00	-0.00165537	1062.00	-0.00138227
1063.00	-0.000633310	1063.00	-0.000388282
1064.00	-0.000267485	1064.00	0.000520076
1065.00	0.000751152	1065.00	0.00113543
1066.00	-0.000850116	1066.00	0.000439473
1067.00	0.00112569	1067.00	0.000228295
1068.00	0.000261410	1068.00	0.000238767
1069.00	0.000332127	1069.00	0.00138850
1070.00	-0.000390183	1070.00	0.00165222
1071.00	-0.00184744	1071.00	0.00122374
1072.00	-0.00188888	1072.00	0.00132662
1073.00	-0.00248500	1073.00	0.00124606
1074.00	-0.00229039	1074.00	0.000181320
1075.00	-0.000303988	1075.00	-0.00113295
1076.00	0.000111276	1076.00	0.000118420
1077.00	0.000993304	1077.00	-0.000286877
1078.00	-0.00170691	1078.00	0.000446149
1079.00	-0.00257561	1079.00	-0.00118338
1080.00	0.00158598	1080.00	0.000530016
1081.00	0.00498071	1081.00	-0.00165196
1082.00	0.00210146	1082.00	-0.00175187
1083.00	-0.000527169	1083.00	-0.00207615
1084.00	0.000555012	1084.00	-0.000912116
1085.00	-0.00123554	1085.00	0.000780462
1086.00	-0.00241395	1086.00	0.00140609
1087.00	-0.00217622	1087.00	0.00119329
1088.00	-0.000535725	1088.00	-0.000255608
1089.00	0.000369866	1089.00	-0.000729827
1090.00	-0.00153315	1090.00	-0.000602329
1091.00	0.000858922	1091.00	-0.000463752
1092.00	0.00158685	1092.00	-0.000644500
1093.00	0.00105054	1093.00	2.68227e-06
1094.00	-0.000730776	1094.00	0.000174945
1095.00	-0.000372776	1095.00	0.00103677
1096.00	-0.000383844	1096.00	0.000478600
1097.00	-0.00208044	1097.00	0.00109407
1098.00	-0.00362398	1098.00	0.000438649
1099.00	-0.00241702	1099.00	0.000467697
1100.00	-0.00196925	1100.00	-7.05041e-05
1101.00	5.99140e-05	1101.00	-0.000410625
1102.00	0.000489575	1102.00	-0.000907982
1103.00	2.57032e-05	1103.00	0.000290787
1104.00	0.000133489	1104.00	0.000147837
1105.00	-0.000655643	1105.00	0.000510345
1106.00	0.000247282	1106.00	-0.000261093
1107.00	0.000171574	1107.00	-0.00102096
1108.00	-0.000249649	1108.00	-0.000701242
1109.00	-0.000121790	1109.00	-0.000813187
1110.00	-0.00174180	1110.00	0.000744502
1111.00	-0.00138097	1111.00	0.000545214
1112.00	0.000187643	1112.00	0.000405424
1113.00	0.00162623	1113.00	0.000443099
1114.00	0.00286209	1114.00	0.000665520
1115.00	0.000418425	1115.00	0.000729933
1116.00	0.000250622	1116.00	0.00164531
1117.00	0.00229592	1117.00	0.000924560
1118.00	0.00167500	1118.00	-0.000253454
1119.00	0.00325052	1119.00	-0.00223976
1120.00	0.00162419	1120.00	-0.00117034
1121.00	0.000767471	1121.00	-0.000732133
1122.00	-0.000421373	1122.00	-0.000236358
1123.00	0.000190995	1123.00	-0.000728687
1124.00	-0.000611322	1124.00	-0.000871960
1125.00	-0.000192849	1125.00	0.000221925
1126.00	0.000529906	1126.00	-8.41328e-05
1127.00	0.00229739	1127.00	0.000736018
1128.00	0.00154027	1128.00	-0.000705125
1129.00	-0.00162836	1129.00	1.31920e-05
1130.00	-0.000918560	1130.00	-0.000965739
1131.00	-0.000731607	1131.00	-0.000472030
1132.00	0.00297740	1132.00	-0.000586874
1133.00	0.00206813	1133.00	-0.000532317
1134.00	0.00218368	1134.00	-0.000384518
1135.00	5.33841e-05	1135.00	-0.000868625
1136.00	0.00147380	1136.00	-0.000599659
1137.00	0.00263348	1137.00	-0.000308647
1138.00	0.00257677	1138.00	-0.00216189
1139.00	0.000464649	1139.00	-0.00201701
1140.00	-0.000358309	1140.00	-0.00194471
1141.00	-0.00218528	1141.00	-0.000292927
1142.00	-0.00196447	1142.00	0.000140304
1143.00	0.000843884	1143.00	0.000311873
1144.00	0.000773489	1144.00	-0.000892966
1145.00	0.00134518	1145.00	-0.00129923
1146.00	-0.000366967	1146.00	-0.000581668
1147.00	-8.01647e-05	1147.00	-0.000632909
1148.00	-0.00127889	1148.00	0.000224624
1149.00	-0.000554204	1149.00	0.000549616
1150.00	-0.00107859	1150.00	0.00149953
1151.00	-0.000320185	1151.00	0.00155089
1152.00	0.000534359	1152.00	0.00161093
1153.00	0.000151126	1153.00	0.000609691
1154.00	0.00234239	1154.00	-0.000418490
1155.00	0.00172660	1155.00	-0.00112855
1156.00	0.00345313	1156.00	-0.00196144
1157.00	0.000622101	1157.00	-0.00146827
1158.00	-3.38164e-05	1158.00	-0.000267008
1159.00	-0.000144908	1159.00	-0.000275579
1160.00	2.85708e-05	1160.00	-0.000452351
1161.00	-0.000140032	1161.00	-0.000472046
1162.00	-0.000537632	1162.00	0.00118684
1163.00	-0.000550033	1163.00	0.00100105
1164.00	0.000119270	1164.00	0.000936005
1165.00	0.000786925	1165.00	-0.000235302
1166.00	-0.00191584	1166.00	-2.81130e-05
1167.00	-0.00173911	1167.00	-0.000416195
1168.00	0.00132859	1168.00	-0.000264386
1169.00	0.000474528	1169.00	-0.000202522
1170.00	-0.000831699	1170.00	-0.000465018
1171.00	-0.00138661	1171.00	-0.000909838
1172.00	-9.06111e-05	1172.00	0.000395971
1173.00	0.000583672	1173.00	0.00127100
1174.00	-0.000329746	1174.00	0.00207022
1175.00	-0.00108142	1175.00	0.00134386
1176.00	-0.000887484	1176.00	0.000684177
1177.00	-0.00146505	1177.00	-4.61744e-05
1178.00	-0.000593265	1178.00	-0.000125525
1179.00	0.000620196	1179.00	-0.000577234
1180.00	0.00236886	1180.00	-0.000227186
1181.00	0.00413977	1181.00	-0.000281618
1182.00	0.00207354	1182.00	0.000490356
1183.00	-0.000775021	1183.00	0.000809583
1184.00	-0.00156435	1184.00	0.000407860
1185.00	-0.00146148	1185.00	0.000612272
1186.00	-0.000337391	1186.00	0.00122783
1187.00	0.000941906	1187.00	0.000648005
1188.00	0.000997220	1188.00	0.000272276
1189.00	0.00157059	1189.00	-0.000242897
1190.00	0.00254832	1190.00	0.000224179
1191.00	0.00305338	1191.00	0.000924207
1192.00	0.00308984	1192.00	9.83711e-05
1193.00	0.000423431	1193.00	-0.000953663
1194.00	4.42706e-05	1194.00	-0.000953065
1195.00	-0.00126527	1195.00	-0.00106381
1196.00	-0.000632293	1196.00	-0.000592254
1197.00	0.000899622	1197.00	-0.000259015
1198.00	0.00285310	1198.00	-0.000876756
1199.00	0.00284423	1199.00	-0.00111327
1200.00	0.00264168	1200.00	-0.00165028
1201.00	0.00256176	1201.00	-0.00110744
1202.00	0.00433655	1202.00	-0.000826635
1203.00	0.00361450	1203.00	-0.000382730
1204.00	0.00344996	1204.00	-0.000420461
1205.00	0.00158420	1205.00	-0.000181650
1206.00	0.000177063	1206.00	-3.62754e-05
1207.00	-0.000258862	1207.00	0.000179031
1208.00	0.00104917	1208.00	-0.000667799
1209.00	0.00280540	1209.00	-6.15294e-05
1210.00	0.00348027	1210.00	-0.000163991
1211.00	0.00325353	1211.00	0.000426483
1212.00	0.00155068	1212.00	0.000303528
1213.00	0.00105143	1213.00	0.000356559
1214.00	0.000106081	1214.00	0.000181786
1215.00	0.000728376	1215.00	-0.000642662
1216.00	0.00117133	1216.00	-0.000852102
1217.00	0.00120337	1217.00	-0.00170400
1218.00	-0.000688727	1218.00	-0.00128186
1219.00	0.000246638	1219.00	-0.00102095
1220.00	0.00103129	1220.00	-0.000383038
1221.00	0.000670640	1221.00	-0.000241691
1222.00	-0.000647767	1222.00	-0.000657871
1223.00	-0.00191965	1223.00	-0.000440617
1224.00	-0.000810174	1224.00	-0.000900976
1225.00	0.000851511	1225.00	-0.000530078
1226.00	0.00149081	1226.00	-0.00168419
1227.00	2.00108e-05	1227.00	-0.00114865
1228.00	-7.34971e-05	1228.00	-0.00109441
1229.00	-0.00165687	1229.00	0.000993036
1230.00	-0.00161514	1230.00	-0.000153736
1231.00	-0.000672820	1231.00	-0.000547738
1232.00	-0.000191024	1232.00	-0.000971814
1233.00	0.00127025	1233.00	-0.000870215
1234.00	0.00100868	1234.00	-0.000373070
1235.00	0.00117402	1235.00	0.000184256
1236.00	0.00189114	1236.00	0.000206702
1237.00	0.00298044	1237.00	0.000277173
1238.00	0.00221933	1238.00	0.000248873
1239.00	0.00276471	1239.00	-1.05464e-05
1240.00	0.00217147	1240.00	5.55390e-05
1241.00	0.00178976	1241.00	-0.000524829
1242.00	0.00120128	1242.00	0.000318648
1243.00	0.00130725	1243.00	-4.92144e-06
1244.00	0.000316018	1244.00	-0.000653842
1245.00	-0.00273218	1245.00	-0.000855994
1246.00	-0.00167309	1246.00	-0.000982681
1247.00	-0.00321989	1247.00	-0.000693979
1248.00	-0.000942597	1248.00	-0.000633678
1249.00	-0.000949643	1249.00	0.000100239
1250.00	0.000705604	1250.00	0.000568753
1251.00	0.00187881	1251.00	0.000328137
1252.00	0.00195906	1252.00	0.000662316
1253.00	0.00225407	1253.00	0.000236443
1254.00	0.00137542	1254.00	0.000726405
1255.00	0.00105846	1255.00	0.000720616
1256.00	-0.000141270	1256.00	0.000319314
1257.00	-0.000559084	1257.00	-0.000283163
1258.00	0.000630995	1258.00	-0.000803017
1259.00	0.00210193	1259.00	-0.000785039
1260.00	0.000480718	1260.00	-0.000190567
1261.00	0.000622794	1261.00	0.00114716
1262.00	-5.39218e-05	1262.00	0.00160361
1263.00	-0.00117576	1263.00	0.00152660
1264.00	-0.000331176	1264.00	0.00111087
1265.00	0.000485238	1265.00	-0.000212257
1266.00	0.00177737	1266.00	0.000254676
1267.00	0.00103665	1267.00	0.000235815
1268.00	-0.000391758	1268.00	0.00148812
1269.00	-0.000986464	1269.00	0.00114695
1270.00	-0.00119245	1270.00	0.00207122
1271.00	-0.000484233	1271.00	0.00103015
1272.00	0.000970352	1272.00	0.000634363
1273.00	-0.000265764	1273.00	0.000666071
1274.00	-0.000618880	1274.00	0.000749453
1275.00	-0.000264506	1275.00	0.000489224
1276.00	-0.000629113	1276.00	0.000253218
1277.00	0.000848891	1277.00	0.000415770
1278.00	0.00103206	1278.00	0.000153704
1279.00	0.00291283	1279.00	-0.000215185
1280.00	0.00198817	1280.00	-0.000947211
1281.00	-0.000670079	1281.00	-0.000426029
1282.00	-0.00248225	1282.00	-6.54366e-05
1283.00	-8.76930e-05	1283.00	-0.000967908
1284.00	0.000467777	1284.00	-0.00124322
1285.00	0.000106286	1285.00	-0.00144372
1286.00	-0.00170584	1286.00	-0.000588196
1287.00	-0.00224632	1287.00	-0.000137549
1288.00	-0.000353430	1288.00	-0.000385516
1289.00	-0.000107998	1289.00	-0.000229264
1290.00	0.000464259	1290.00	-0.00105952
1291.00	0.000285779	1291.00	-0.000219872
1292.00	0.000608323	1292.00	-0.000671407
1293.00	0.000702669	1293.00	-5.74972e-05
1294.00	0.00251363	1294.00	0.000165962
1295.00	0.00226853	1295.00	-4.90405e-06
1296.00	0.00145789	1296.00	0.000687066
1297.00	-0.000630023	1297.00	5.01300e-05
1298.00	0.000290308	1298.00	0.000261155
1299.00	-0.000463962	1299.00	4.10792e-05
1300.00	0.000465062	1300.00	-0.000679160
1301.00	0.00139645	1301.00	-0.000165292
1302.00	0.00156050	1302.00	0.000181823
1303.00	0.00107043	1303.00	0.000540217
1304.00	-0.000506569	1304.00	6.13222e-05
1305.00	-0.000221082	1305.00	-0.000440614
1306.00	0.00167964	1306.00	-0.00128899
1307.00	0.00131168	1307.00	-0.00118819
1308.00	-0.00132896	1308.00	-0.000914833
1309.00	-8.83273e-06	1309.00	0.00103906
1310.00	-0.000900388	1310.00	0.00144253
1311.00	-0.000214828	1311.00	0.00143093
1312.00	-0.000971926	1312.00	0.00104687
1313.00	0.00141271	1313.00	-8.20743e-05
1314.00	0.00217557	1314.00	0.000310950
1315.00	0.00194381	1315.00	5.72677e-05
1316.00	0.00270315	1316.00	0.000637814
1317.00	0.00299724	1317.00	0.000263852
1318.00	0.00136434	1318.00	-6.23835e-05
1319.00	-0.000614738	1319.00	-0.000647224
1320.00	0.00124543	1320.00	-0.00106506
1321.00	0.00157993	1321.00	-0.00124093
1322.00	0.00260657	1322.00	-0.000126975
1323.00	0.000364414	1323.00	0.000484484
1324.00	0.000621088	1324.00	0.000270562
1325.00	0.000791643	1325.00	0.000300194
1326.00	-0.00265794	1326.00	0.000178744
1327.00	-0.00149479	1327.00	0.00107300
1328.00	-0.000684913	1328.00	0.000403128
1329.00	0.000527720	1329.00	0.000530070
1330.00	0.00124900	1330.00	-0.000570508
1331.00	-5.37924e-05	1331.00	0.000607339
1332.00	-0.000846044	1332.00	0.000557566
1333.00	-0.000830155	1333.00	0.000107418
1334.00	-0.00105015	1334.00	-0.000403236
1335.00	-0.00144660	1335.00	-0.000623129
1336.00	-0.00245665	1336.00	-0.000479459
1337.00	-0.00127183	1337.00	-0.000499938
1338.00	-0.000261759	1338.00	-0.000863120
1339.00	0.00111644	1339.00	0.000511077
1340.00	-0.000173900	1340.00	0.000791501
1341.00	-0.000559228	1341.00	0.00126002
1342.00	-0.000534097	1342.00	0.000682404
1343.00	0.00105585	1343.00	-0.000900903
1344.00	0.00124168	1344.00	-0.000766829
1345.00	0.00225668	1345.00	-0.00104201
1346.00	4.93078e-05	1346.00	-0.000577134
1347.00	0.00113813	1347.00	-0.000285624
1348.00	0.00122838	1348.00	-0.00105940
1349.00	0.00176716	1349.00	-0.00126376
1350.00	-0.000225150	1350.00	9.75044e-05
1351.00	-0.00189623	1351.00	0.000774766
1352.00	-1.63494e-05	1352.00	0.000545611
1353.00	0.00217325	1353.00	-0.000443239
1354.00	0.00222331	1354.00	-0.000246017
1355.00	0.000807457	1355.00	-0.000122291
1356.00	0.000167220	1356.00	0.00110979
1357.00	-0.00198668	1357.00	-0.000215202
1358.00	-0.00171210	1358.00	-0.000579460
1359.00	0.000884408	1359.00	-0.00109556
1360.00	0.00155909	1360.00	0.000439663
1361.00	0.00233650	1361.00	-0.000159803
1362.00	0.00142923	1362.00	1.31633e-05
1363.00	0.000543895	1363.00	4.13581e-06
1364.00	-0.000654653	1364.00	0.000331965
1365.00	7.45216e-05	1365.00	-0.000229795
1366.00	0.00185381	1366.00	-0.000421881
1367.00	0.00254018	1367.00	-0.00112973
1368.00	0.00280992	1368.00	-0.000224320
1369.00	0.000324508	1369.00	8.97241e-05
1370.00	0.000637111	1370.00	0.000683548
1371.00	0.000690328	1371.00	-0.000171868
1372.00	0.000317721	1372.00	-0.000462175
1373.00	-0.000410745	1373.00	-0.000393664
1374.00	0.00100221	1374.00	-0.000192538
1375.00	-0.000321837	1375.00	0.00110246
1376.00	-0.000245622	1376.00	0.000315149
1377.00	-0.00106050	1377.00	0.000173648
1378.00	-0.00100850	1378.00	0.000210550
1379.00	-0.00117747	1379.00	0.000612170
1380.00	-0.00128868	1380.00	-0.000423158
1381.00	-0.00218198	1381.00	-0.000814301
1382.00	-0.00112962	1382.00	2.53898e-05
1383.00	-0.000354043	1383.00	0.000942505
1384.00	-0.000578689	1384.00	0.000899606
1385.00	-0.000142831	1385.00	0.000666281
1386.00	-0.000993200	1386.00	0.000454919
1387.00	-0.00192615	1387.00	0.000299464
1388.00	-0.00204481	1388.00	-0.000831193
1389.00	0.000769557	1389.00	-0.000822538
1390.00	0.000970422	1390.00	-0.000400044
1391.00	0.00125544	1391.00	0.000294650
1392.00	-0.00113089	1392.00	0.00108159
1393.00	0.000510576	1393.00	0.00162884
1394.00	-0.00154955	1394.00	0.00146102
1395.00	-9.28321e-05	1395.00	0.00163104
1396.00	-9.67141e-05	1396.00	0.000100863
1397.00	-5.14318e-05	1397.00	7.07784e-05
1398.00	0.000799433	1398.00	0.00103017
1399.00	-0.000586271	1399.00	0.00129129
1400.00	0.00175856	1400.00	0.000502877
1401.00	0.00118292	1401.00	-0.000252653
1402.00	0.000919232	1402.00	-0.000375006
1403.00	0.000727877	1403.00	-0.000453237
1404.00	0.000931365	1404.00	-0.00131754
1405.00	0.00166150	1405.00	-0.000792643
1406.00	-0.000884355	1406.00	-0.000447184
1407.00	-0.000508064	1407.00	0.000693974
1408.00	-0.00184068	1408.00	8.30112e-05
1409.00	-0.000642890	1409.00	-0.000304273
1410.00	-0.000598663	1410.00	-0.000358523
1411.00	-0.000502930	1411.00	-0.000107313
1412.00	-0.000323390	1412.00	0.000880056
1413.00	-0.00126404	1413.00	0.00116804
1414.00	-0.00101920	1414.00	0.00163395
1415.00	-5.51779e-05	1415.00	0.000111709
1416.00	0.00112350	1416.00	-0.000182737
1417.00	0.00271648	1417.00	-0.000518613
1418.00	0.00171548	1418.00	-0.000696669
1419.00	1.43879e-06	1419.00	-0.000513928
1420.00	0.000314782	1420.00	-0.000289112
1421.00	0.000713522	1421.00	0.000430790
1422.00	0.00215004	1422.00	0.000212532
1423.00	0.000995005	1423.00	0.000243044
1424.00	0.000659689	1424.00	5.30390e-05
1425.00	0.000466394	1425.00	-0.000524912
1426.00	0.00329351	1426.00	-0.00160426
1427.00	0.00196831	1427.00	-0.00161213
1428.00	0.00348338	1428.00	-0.00120904
1429.00	0.00117824	1429.00	-0.00118547
1430.00	-0.000359353	1430.00	-0.000291697
1431.00	-0.000515295	1431.00	-0.000959360
1432.00	5.83450e-05	1432.00	-0.000885413
1433.00	0.000827820	1433.00	-0.00177710
1434.00	-0.00166784	1434.00	-2.05287e-05
1435.00	0.00119079	1435.00	-0.000386028
1436.00	0.000674177	1436.00	0.000648885
1437.00	0.00168281	1437.00	-0.000252103
1438.00	0.00123046	1438.00	2.18021e-05
1439.00	0.000939208	1439.00	-0.00105368
1440.00	-0.000793912	1440.00	-7.45315e-05
1441.00	0.000116667	1441.00	-0.000731250
1442.00	-0.000448832	1442.00	-0.000187750
1443.00	0.000389012	1443.00	0.000203434
1444.00	-0.000572829	1444.00	0.000209839
1445.00	-0.00141614	1445.00	0.00128301
1446.00	-0.000524117	1446.00	0.000156735
1447.00	3.16643e-05	1447.00	-0.000316394
1448.00	0.000186679	1448.00	-0.00133478
1449.00	0.000798099	1449.00	-0.000904212
1450.00	0.00121506	1450.00	-0.000962644
1451.00	0.000854471	1451.00	-4.39817e-05
1452.00	0.000372658	1452.00	-0.000279023
1453.00	0.000802605	1453.00	0.000416822
1454.00	0.00161913	1454.00	-0.000854870
1455.00	0.000683138	1455.00	-0.000534081
1456.00	-0.00149076	1456.00	-0.000841223
1457.00	-0.000216738	1457.00	-0.00101815
1458.00	-0.000509629	1458.00	-0.000361614
1459.00	0.00186157	1459.00	-0.000618399
1460.00	0.000849029	1460.00	-0.000968045
1461.00	0.00179650	1461.00	0.000353078
1462.00	0.00116409	1462.00	-0.000430599
1463.00	0.00175886	1463.00	-6.01344e-05
1464.00	0.00292074	1464.00	-0.000884292
1465.00	0.00330119	1465.00	-0.00119867
1466.00	0.000573431	1466.00	-0.00111696
1467.00	-0.00118954	1467.00	-0.000837089
1468.00	-0.00115320	1468.00	9.14735e-05
1469.00	0.00182829	1469.00	-0.000150355
1470.00	0.00362737	1470.00	-4.81678e-05
1471.00	0.00412433	1471.00	-7.28447e-05
1472.00	0.00437919	1472.00	0.000150631
1473.00	0.00237858	1473.00	-0.000677960
1474.00	0.000181709	1474.00	-0.000251761
1475.00	0.000117541	1475.00	-0.000596546
1476.00	-6.70732e-05	1476.00	-0.000290804
1477.00	0.000221928	1477.00	-0.00120778
1478.00	-0.000846413	1478.00	-0.000848666
1479.00	0.000357376	1479.00	-0.00142934
1480.00	0.000900860	1480.00	0.000281777
1481.00	0.00129243	1481.00	-0.000303970
1482.00	-0.00129971	1482.00	-0.000108899
1483.00	-0.00130299	1483.00	-0.000487115
1484.00	0.00116312	1484.00	-0.000841744
1485.00	0.00254796	1485.00	0.000359951
1486.00	0.00259496	1486.00	-0.000446112
1487.00	0.00174353	1487.00	0.000349638
1488.00	0.00251575	1488.00	-6.38894e-05
1489.00	0.00332482	1489.00	0.000516952
1490.00	0.00170113	1490.00	0.000256396
1491.00	-0.00102819	1491.00	0.000281445
1492.00	-0.00105885	1492.00	-0.000902582
1493.00	-0.00108785	1493.00	-0.00139561
1494.00	9.10006e-05	1494.00	-0.000200899
1495.00	0.000733737	1495.00	-0.000124508
1496.00	0.000837191	1496.00	0.000814274
1497.00	0.000911682	1497.00	0.000363871
1498.00	0.00243003	1498.00	-0.000260209
1499.00	0.00284584	1499.00	0.000567593
1500.00	0.00289372	1500.00	0.000686976
1501.00	0.000505188	1501.00	0.00118241
1502.00	-0.00136366	1502.00	0.00101045
1503.00	-0.000819020	1503.00	0.000589333
1504.00	0.00186998	1504.00	-0.000902696
1505.00	0.00170534	1505.00	-0.000825860
1506.00	0.000891281	1506.00	-0.000570268
1507.00	-0.000761305	1507.00	0.000591647
1508.00	0.000160063	1508.00	0.000344401
1509.00	0.00116367	1509.00	8.00666e-05
1510.00	0.00269212	1510.00	0.000339778
1511.00	0.00101018	1511.00	2.38625e-05
1512.00	0.000311693	1512.00	0.000711178
1513.00	0.00183784	1513.00	-0.000580303
1514.00	0.00388126	1514.00	-0.00108561
1515.00	0.00312747	1515.00	-0.000391032
1516.00	0.00256914	1516.00	2.01102e-05
1517.00	0.00192330	1517.00	0.000288867
1518.00	0.000306124	1518.00	0.000356580
1519.00	-0.000421666	1519.00	0.000537791
1520.00	-0.000198498	1520.00	0.000222341
1521.00	-0.000640069	1521.00	0.000245546
1522.00	-0.000576632	1522.00	-4.35467e-05
1523.00	-0.000214139	1523.00	0.000412896
1524.00	-0.00107351	1524.00	0.000362375
1525.00	5.34837e-05	1525.00	-0.000145796
1526.00	-0.00131687	1526.00	-0.000763306
1527.00	-0.000204358	1527.00	-0.000514123
1528.00	-0.000680052	1528.00	-0.000607504
1529.00	-0.000237524	1529.00	-8.68408e-05
1530.00	-0.000601595	1530.00	0.000165283
1531.00	0.000781286	1531.00	0.000125717
1532.00	-0.000423186	1532.00	0.000108153
1533.00	0.000190267	1533.00	-8.84103e-05
1534.00	-7.35817e-05	1534.00	-0.000304544
1535.00	-0.000499486	1535.00	-0.00119558
1536.00	-0.000304106	1536.00	-0.00177617
1537.00	-0.000860092	1537.00	-0.00152511
1538.00	0.000951301	1538.00	-0.00136242
1539.00	0.00180584	1539.00	-0.00161658
1540.00	0.00185577	1540.00	-0.00116448
1541.00	0.000983110	1541.00	-0.000321670
1542.00	0.00142021	1542.00	-5.08873e-05
1543.00	0.000926055	1543.00	0.000368798
1544.00	0.00127340	1544.00	-0.000703517
1545.00	0.00153220	1545.00	-0.000409714
1546.00	0.00230991	1546.00	-0.000461850
1547.00	0.00125391	1547.00	0.000277514
1548.00	0.000436873	1548.00	-6.65517e-05
1549.00	-0.000781821	1549.00	-8.99278e-05
1550.00	0.00130882	1550.00	-0.000356511
1551.00	0.000718638	1551.00	-0.000582318
1552.00	0.000404621	1552.00	-0.000595622
1553.00	-0.000420782	1553.00	-0.000680622
1554.00	0.000574795	1554.00	-0.000164596
1555.00	-0.00153143	1555.00	-1.83087e-06
1556.00	-0.000289434	1556.00	0.000286319
1557.00	-0.000674940	1557.00	0.000148227
1558.00	-0.000217576	1558.00	0.000489062
1559.00	-0.000640735	1559.00	-0.000137539
1560.00	-0.000237421	1560.00	-0.000103603
1561.00	0.000656644	1561.00	-0.000636991
1562.00	5.92320e-05	1562.00	-0.000448242
1563.00	-8.75148e-05	1563.00	-0.000756264
1564.00	-0.000735681	1564.00	-0.000538765
1565.00	-0.00188984	1565.00	0.000656743
1566.00	-0.000873144	1566.00	-0.000154293
1567.00	-0.000624062	1567.00	-0.000526181
1568.00	0.000518245	1568.00	-0.00141325
1569.00	0.000403656	1569.00	-0.00105187
1570.00	0.00104993	1570.00	-0.000171051
1571.00	0.00190864	1571.00	-0.000549084
1572.00	0.000856015	1572.00	0.000331075
1573.00	0.000853611	1573.00	-0.000285535
1574.00	-0.00122443	1574.00	0.000803758
1575.00	0.000671210	1575.00	-0.000402981
1576.00	0.00135092	1576.00	0.00110564
1577.00	0.000949015	1577.00	0.000241331
1578.00	0.00102220	1578.00	0.000922191
1579.00	-0.00102019	1579.00	0.000659259
1580.00	-7.26287e-05	1580.00	0.000416137
1581.00	0.000267479	1581.00	0.000313842
1582.00	0.00116320	1582.00	-5.12715e-05
1583.00	0.000425780	1583.00	-0.000630823
1584.00	0.000294309	1584.00	-0.000468061
1585.00	0.00121716	1585.00	-0.000493686
1586.00	0.00228990	1586.00	-0.000754167
1587.00	0.00298110	1587.00	-0.000439512
1588.00	0.000976499	1588.00	0.000152543
1589.00	-0.000694786	1589.00	0.000229047
1590.00	-0.000795812	1590.00	8.88686e-05
1591.00	-6.89130e-05	1591.00	7.86244e-06
1592.00	0.00131588	1592.00	0.000346132
1593.00	0.00176606	1593.00	-0.000433724
1594.00	0.00259364	1594.00	0.000133994
1595.00	0.00212099	1595.00	-0.000340627
1596.00	0.000838052	1596.00	-9.47702e-05
1597.00	0.000382052	1597.00	-9.76975e-06
1598.00	-0.000122429	1598.00	0.000448752
1599.00	0.000126563	1599.00	-0.000141537
1600.00	0.000486793	1600.00	-0.000317232
1601.00	-0.000510665	1601.00	-0.000710338
1602.00	4.78367e-05	1602.00	-0.00114312
1603.00	0.000267096	1603.00	-0.00125423
1604.00	-0.000110369	1604.00	-0.000598641
1605.00	0.00143135	1605.00	-0.000708892
1606.00	0.000987701	1606.00	1.35442e-05
1607.00	-0.000357813	1607.00	-0.000393565
1608.00	-0.000655626	1608.00	-0.000320450
1609.00	-0.000791975	1609.00	-0.00102623
1610.00	0.00132655	1610.00	-0.000930396
1611.00	0.000695572	1611.00	-0.000559146
1612.00	0.000662607	1612.00	-0.000342268
1613.00	-0.000140729	1613.00	-5.83494e-05
1614.00	-0.000163410	1614.00	-0.000510831
1615.00	-0.000247048	1615.00	-0.000152253
1616.00	8.99678e-05	1616.00	-8.15026e-05
1617.00	-0.00125626	1617.00	0.000443316
1618.00	-0.000763057	1618.00	0.000605401
1619.00	5.85446e-05	1619.00	0.000184066
1620.00	0.00137573	1620.00	0.000351410
1621.00	0.00186594	1621.00	-0.000310492
1622.00	0.00121550	1622.00	-0.000469455
1623.00	-0.000140146	1623.00	-0.000584904
1624.00	-0.00139643	1624.00	0.000484158
1625.00	-0.00354403	1625.00	0.000512871
1626.00	-0.00237878	1626.00	0.000644202
1627.00	-0.000307314	1627.00	-0.000275246
1628.00	0.00125362	1628.00	-0.000543273
1629.00	0.000472095	1629.00	-0.00106211
1630.00	-0.000310656	1630.00	-0.000759222
1631.00	-0.00100096	1631.00	0.000501087
1632.00	0.000495722	1632.00	-0.000422783
1633.00	0.00234017	1633.00	-0.000476224
1634.00	0.00255666	1634.00	-0.000644523
1635.00	0.00111230	1635.00	0.000309727
1636.00	-0.00116526	1636.00	0.000420061
1637.00	-0.000990279	1637.00	0.000722341
1638.00	0.00164892	1638.00	0.000295087
1639.00	0.00332836	1639.00	-0.000169347
1640.00	0.00470983	1640.00	-0.000364890
1641.00	0.00277441	1641.00	-0.000254503
1642.00	0.00235245	1642.00	-0.000390492
1643.00	0.00247081	1643.00	0.000138817
1644.00	0.00258806	1644.00	0.000189837
1645.00	0.00201368	1645.00	0.000267585
1646.00	0.00234788	1646.00	-0.000141635
1647.00	0.00209665	1647.00	-0.000383398
1648.00	0.00168432	1648.00	-0.000772846
1649.00	-0.000871803	1649.00	0.000206619
1650.00	-0.000396528	1650.00	1.70240e-05
1651.00	-0.000231314	1651.00	0.000145383
1652.00	-0.000851253	1652.00	0.000297407
1653.00	-0.000612954	1653.00	0.000268447
1654.00	0.000541253	1654.00	-0.000196395
1655.00	0.00100431	1655.00	0.000477406
1656.00	2.43288e-05	1656.00	0.000124866
1657.00	0.000529788	1657.00	-0.000693668
1658.00	0.00126788	1658.00	0.000274423
1659.00	6.21376e-05	1659.00	0.000840767
1660.00	-0.000439575	1660.00	0.00224126
1661.00	-0.000296666	1661.00	-0.000221500
1662.00	0.000463064	1662.00	-0.000227630
1663.00	0.00212513	1663.00	-0.000192372
1664.00	0.000289010	1664.00	-0.000367651
1665.00	-0.000318039	1665.00	-0.000477476
1666.00	-0.00104013	1666.00	-0.00140062
1667.00	-0.00127654	1667.00	-0.00162434
1668.00	-0.000468235	1668.00	-0.00125152
1669.00	0.00111537	1669.00	3.32564e-05
1670.00	0.000477566	1670.00	-0.000372696
1671.00	-0.000396372	1671.00	0.000680944
1672.00	-0.00136124	1672.00	8.30670e-05
1673.00	-0.00104342	1673.00	0.000770984
1674.00	-0.000849237	1674.00	0.000439968
1675.00	0.000165127	1675.00	0.000563461
1676.00	0.000422558	1676.00	0.000916964
1677.00	-0.00188936	1677.00	0.00133651
1678.00	-0.00170978	1678.00	0.00114922
1679.00	-0.00200786	1679.00	0.000956462
1680.00	0.000622935	1680.00	0.000741272
1681.00	0.000438310	1681.00	0.000118123
1682.00	0.00219467	1682.00	-0.000925643
1683.00	0.00117787	1683.00	-0.000571799
1684.00	0.000873920	1684.00	-0.000486885
1685.00	0.000845285	1685.00	0.000131359
1686.00	0.000943775	1686.00	-0.000617662
1687.00	0.000413704	1687.00	-0.000418716
1688.00	0.00221297	1688.00	-0.000733054
1689.00	0.00177172	1689.00	-0.000229412
1690.00	0.00167055	1690.00	-0.000618125
1691.00	0.00111180	1691.00	-0.000755796
1692.00	0.00185514	1692.00	-0.00138253
1693.00	0.00241852	1693.00	-0.000419502
1694.00	0.00318241	1694.00	-0.000760599
1695.00	0.00391800	1695.00	-0.000258893
1696.00	0.00166041	1696.00	-0.000336141
1697.00	0.00127388	1697.00	-0.00113883
1698.00	-0.000978949	1698.00	-0.000947921
1699.00	-0.00130998	1699.00	-0.000507107
1700.00	-0.00173644	1700.00	-2.04683e-05
1701.00	-0.000951288	1701.00	-0.000190276
1702.00	-0.000649321	1702.00	0.000135444
1703.00	0.000199858	1703.00	0.000940058
1704.00	0.000656327	1704.00	0.00104637
1705.00	0.00126663	1705.00	0.000224356
1706.00	0.00135642	1706.00	-0.000665638
1707.00	0.00187008	1707.00	-0.000660269
1708.00	0.00231347	1708.00	-0.000128376
1709.00	0.000111037	1709.00	0.000151194
1710.00	0.000133555	1710.00	0.000620504
1711.00	-0.000389988	1711.00	0.000652751
1712.00	-0.000230330	1712.00	0.000767057
1713.00	0.00169167	1713.00	-0.000770314
1714.00	0.00170896	1714.00	-0.000518409
1715.00	0.00258429	1715.00	-0.000973439
1716.00	0.00182264	1716.00	-0.000549754
1717.00	0.00276034	1717.00	-0.00152062
1718.00	0.00220001	1718.00	-0.000966779
1719.00	0.00182950	1719.00	-0.00114909
1720.00	0.00169751	1720.00	-0.000448891
1721.00	0.00101741	1721.00	0.000295386
1722.00	0.00103596	1722.00	0.000672625
1723.00	0.000317241	1723.00	-0.000265173
1724.00	0.00154341	1724.00	-0.000929222
1725.00	0.00158368	1725.00	-0.00121170
1726.00	0.00174639	1726.00	0.000253043
1727.00	0.000887701	1727.00	0.000808830
1728.00	0.000193572	1728.00	0.00106777
1729.00	0.000913097	1729.00	0.00210665
1730.00	0.000142163	1730.00	0.00100003
1731.00	-0.000113790	1731.00	-5.18548e-05
1732.00	0.000822184	1732.00	-9.75425e-05
1733.00	0.000193446	1733.00	0.00111653
1734.00	0.000643802	1734.00	0.000420544
1735.00	0.00163865	1735.00	-0.000221182
1736.00	0.00103755	1736.00	-0.00116696
1737.00	0.000444506	1737.00	-0.000135405
1738.00	0.00205919	1738.00	-0.000328962
1739.00	0.00323942	1739.00	-0.000699551
1740.00	0.000650267	1740.00	-0.000454269
1741.00	-0.000443490	1741.00	8.10799e-05
1742.00	0.000206952	1742.00	-0.000401512
1743.00	0.000442704	1743.00	0.000418256
1744.00	0.000165872	1744.00	-0.000124383
1745.00	-0.00173650	1745.00	0.000618615
1746.00	-0.00153633	1746.00	-0.000329295
1747.00	-0.000781626	1747.00	0.000161887
1748.00	-0.00172074	1748.00	0.000433081
1749.00	0.00157114	1749.00	-0.000259403
1750.00	0.00142806	1750.00	-0.000255215
1751.00	0.00296948	1751.00	-0.000629011
1752.00	9.82018e-05	1752.00	-0.000253237
1753.00	0.00157218	1753.00	-0.000551058
1754.00	0.00162514	1754.00	-0.000937119
1755.00	0.00196546	1755.00	-0.000905242
1756.00	0.000389530	1756.00	-0.000191824
1757.00	1.46093e-05	1757.00	0.000190293
1758.00	0.00125084	1758.00	0.000123704
1759.00	0.000730803	1759.00	-0.000336593
1760.00	0.00178116	1760.00	-7.48553e-05
1761.00	-0.000208915	1761.00	-0.000362981
1762.00	0.000568993	1762.00	-0.000147416
1763.00	0.000424624	1763.00	-0.000702965
1764.00	0.000156040	1764.00	-0.000250381
1765.00	-0.000175851	1765.00	-0.000627289
1766.00	-0.000594360	1766.00	-0.000233047
1767.00	0.000285675	1767.00	-0.00104642
1768.00	-0.000410973	1768.00	2.03191e-05
1769.00	-0.000944287	1769.00	0.000379368
1770.00	0.000727205	1770.00	0.000850251
1771.00	0.00226685	1771.00	-0.000101129
1772.00	0.00279821	1772.00	-0.000981393
1773.00	0.00130917	1773.00	-0.000788448
1774.00	0.000667911	1774.00	-0.00107346
1775.00	-1.05185e-05	1775.00	-0.000426508
1776.00	0.000970628	1776.00	-0.000335434
1777.00	0.00113526	1777.00	-0.000561710
1778.00	0.00262459	1778.00	-0.000107501
1779.00	0.00172760	1779.00	-0.000289012
1780.00	0.00221924	1780.00	-0.000251735
1781.00	0.000538032	1781.00	0.000292873
1782.00	0.00128416	1782.00	0.000107843
1783.00	0.00143357	1783.00	-0.000410119
1784.00	0.00161420	1784.00	-0.00206792
1785.00	-0.000698905	1785.00	-0.00153877
1786.00	-0.00124446	1786.00	0.000538190
1787.00	0.00100711	1787.00	0.00100056
1788.00	0.00123903	1788.00	0.000469685
1789.00	0.00147638	1789.00	-5.57604e-06
1790.00	-0.00179149	1790.00	-3.31820e-05
1791.00	-0.00171501	1791.00	0.000719182
1792.00	-0.00222853	1792.00	0.000772868
1793.00	-0.000767279	1793.00	-0.000531297
1794.00	0.000292892	1794.00	-0.00162398
1795.00	0.000581293	1795.00	-0.00204241
1796.00	0.000581702	1796.00	-0.00127091
1797.00	0.00101958	1797.00	6.84171e-05
1798.00	0.000250246	1798.00	0.00112475
1799.00	-0.000174895	1799.00	0.000856066
1800.00	-0.000789019	1800.00	0.000964829
1801.00	8.45246e-05	1801.00	0.000614310
1802.00	0.000723771	1802.00	0.000977569
1803.00	0.000511026	1803.00	0.000989280
1804.00	0.000163720	1804.00	0.000773727
1805.00	-0.000883307	1805.00	0.000525647
1806.00	-0.000888163	1806.00	0.000383371
1807.00	-0.000451480	1807.00	-0.00101004
1808.00	-1.57545e-05	1808.00	-0.000621807
1809.00	0.00141393	1809.00	-0.000502830
1810.00	0.000510381	1810.00	0.000414028
1811.00	0.000288865	1811.00	-0.000188469
1812.00	-0.000791085	1812.00	-0.000325792
1813.00	-4.11617e-05	1813.00	-0.00105134
1814.00	0.000506402	1814.00	-0.000774255
1815.00	-0.000359807	1815.00	-0.00105365
1816.00	-0.000712998	1816.00	-0.00127553
1817.00	-0.000223616	1817.00	-0.00130520
1818.00	0.000128393	1818.00	-0.000826323
1819.00	-0.000975926	1819.00	-0.000331593
1820.00	-0.00135854	1820.00	0.000214544
1821.00	-0.00145469	1821.00	8.76556e-05
1822.00	0.000463332	1822.00	-0.000557153
1823.00	2.91045e-05	1823.00	-0.000799567
1824.00	-0.000912710	1824.00	-0.000411297
1825.00	-0.00182019	1825.00	-4.83131e-05
1826.00	-0.000479874	1826.00	-0.000235736
1827.00	-0.000811271	1827.00	-0.000396545
1828.00	0.00102116	1828.00	-0.000753810
1829.00	0.00102710	1829.00	1.83286e-05
1830.00	0.00204314	1830.00	-0.000204414
1831.00	-6.16829e-05	1831.00	-2.52402e-05
1832.00	8.33826e-05	1832.00	-0.000125291
1833.00	0.000294998	1833.00	2.60822e-05
1834.00	0.00172802	1834.00	0.000754079
1835.00	0.00245634	1835.00	0.000126686
1836.00	0.00212451	1836.00	-0.000228943
1837.00	0.00138906	1837.00	-0.00122873
1838.00	0.00295649	1838.00	-0.00156633
1839.00	0.00193790	1839.00	-0.000480702
1840.00	0.00153270	1840.00	-0.000344459
1841.00	-0.00177246	1841.00	0.000729844
1842.00	0.00196039	1842.00	-7.88673e-05
1843.00	0.00184889	1843.00	7.89890e-05
1844.00	0.00412579	1844.00	-0.000219480
1845.00	0.00297588	1845.00	-0.000308867
1846.00	0.00104683	1846.00	0.000111007
1847.00	0.000433586	1847.00	0.000849179
1848.00	0.00121385	1848.00	0.000440917
1849.00	0.000616541	1849.00	0.000318954
1850.00	-0.00146202	1850.00	-0.00136105
1851.00	-0.000532689	1851.00	-0.00113506
1852.00	-0.00152402	1852.00	-0.000369595
1853.00	0.000133599	1853.00	-0.000449682
1854.00	-0.000599334	1854.00	-3.01147e-05
1855.00	-0.00104233	1855.00	-0.000146489
1856.00	-0.000635506	1856.00	-0.000411447
1857.00	0.000930920	1857.00	-0.000402480
1858.00	0.00127740	1858.00	-0.000701933
1859.00	0.000515809	1859.00	0.000308920
1860.00	-0.000511728	1860.00	0.000423185
1861.00	-0.000476286	1861.00	0.000386927
1862.00	0.000366586	1862.00	-0.000248243
1863.00	0.000381253	1863.00	-0.000700395
1864.00	0.000513465	1864.00	-0.000492623
1865.00	-0.000255908	1865.00	-0.000191472
1866.00	-0.000835432	1866.00	-3.71645e-05
1867.00	-0.00207760	1867.00	-0.000710198
1868.00	-0.00164288	1868.00	-0.000291549
1869.00	0.000191833	1869.00	0.00105025
1870.00	-0.000781132	1870.00	0.000652847
1871.00	-0.00210903	1871.00	0.000736696
1872.00	-0.00244601	1872.00	0.000490276
1873.00	0.00135514	1873.00	0.00101638
1874.00	0.00258346	1874.00	0.000973870
1875.00	0.00319976	1875.00	-0.000295579
1876.00	0.00166028	1876.00	-0.000847047
1877.00	-5.38843e-05	1877.00	-0.000170473
1878.00	-0.000861960	1878.00	-0.000396032
1879.00	-0.00158584	1879.00	-6.76090e-05
1880.00	1.75699e-05	1880.00	-0.00172923
1881.00	0.000410992	1881.00	-0.00161982
1882.00	0.00160192	1882.00	-0.000927953
1883.00	0.00116916	1883.00	-0.00152863
1884.00	0.00144386	1884.00	-0.00105843
1885.00	0.00119710	1885.00	-0.00119229
1886.00	-0.00141280	1886.00	-0.000255556
1887.00	-0.00151008	1887.00	0.000129614
1888.00	-0.000925269	1888.00	0.00101816
1889.00	-0.000252374	1889.00	0.00113652
1890.00	0.00137581	1890.00	0.000497126
1891.00	0.00163210	1891.00	0.000633412
1892.00	0.00269495	1892.00	-0.000779287
1893.00	0.00177391	1893.00	-0.000570335
1894.00	0.000282263	1894.00	-1.08739e-06
1895.00	-0.000738606	1895.00	0.000810976
1896.00	0.000406408	1896.00	5.77941e-05
1897.00	-0.000866035	1897.00	-0.000553933
1898.00	-0.000504754	1898.00	-0.00104169
1899.00	-0.00119643	1899.00	-0.000650229
1900.00	-0.000929552	1900.00	-0.00177392
1901.00	0.000643387	1901.00	-0.00208578
1902.00	-0.00143129	1902.00	-0.000153896
1903.00	-0.000133997	1903.00	1.86962e-05
1904.00	1.28678e-05	1904.00	0.000229780
1905.00	-0.000900402	1905.00	-0.000834575
1906.00	-0.00148013	1906.00	-6.31208e-05
1907.00	-0.00101703	1907.00	1.85803e-05
1908.00	-0.00110525	1908.00	-0.000785446
1909.00	-0.00219857	1909.00	-0.00128441
1910.00	-0.00233368	1910.00	-0.00216229
1911.00	-0.00142603	1911.00	-0.000762743
1912.00	-0.000329574	1912.00	-0.000534747
1913.00	-0.000333263	1913.00	-3.59801e-05
1914.00	-0.000284931	1914.00	-0.000453720
1915.00	-0.00123609	1915.00	-0.000512704
1916.00	-0.000979126	1916.00	-5.32543e-05
1917.00	1.64299e-05	1917.00	-0.000367832
1918.00	0.000617064	1918.00	-0.000934306
1919.00	-0.000524457	1919.00	-0.00115002
1920.00	-6.97315e-05	1920.00	-0.000532688
1921.00	0.000331326	1921.00	0.000634837
1922.00	0.00161622	1922.00	0.000472717
1923.00	0.00215298	1923.00	0.000772524
1924.00	0.00246644	1924.00	0.000420390
1925.00	0.00426522	1925.00	0.000609523
1926.00	0.00196074	1926.00	0.00157376
1927.00	0.00102159	1927.00	0.00166315
1928.00	0.00125335	1928.00	0.00172201
1929.00	0.000296115	1929.00	0.000760831
1930.00	-0.000291370	1930.00	-0.000147585
1931.00	-0.000826701	1931.00	-0.000232909
1932.00	9.51085e-05	1932.00	-0.00115189
1933.00	0.000524922	1933.00	-0.00160604
1934.00	0.00109377	1934.00	-0.00157756
1935.00	0.000299231	1935.00	-0.00134766
1936.00	0.000378831	1936.00	-0.000632826
1937.00	0.000439189	1937.00	-0.000782676
1938.00	0.00202880	1938.00	-0.000198555
1939.00	0.00246269	1939.00	0.000483606
1940.00	0.00182700	1940.00	-0.000360851
1941.00	0.00156360	1941.00	-0.00138020
1942.00	-9.16051e-05	1942.00	-0.000762140
1943.00	0.000147682	1943.00	-0.00131322
1944.00	0.000878749	1944.00	-0.00118131
1945.00	0.00144062	1945.00	-0.00178961
1946.00	0.00196444	1946.00	-0.00121659
1947.00	0.00186975	1947.00	-0.00134271
1948.00	0.000411801	1948.00	-0.000884793
1949.00	0.000851429	1949.00	-0.000374236
1950.00	-0.000542768	1950.00	-0.000545221
1951.00	-0.000428328	1951.00	-0.000646594
1952.00	-0.00234471	1952.00	0.000101193
1953.00	-0.00145678	1953.00	0.000248333
1954.00	-0.00206081	1954.00	0.000522369
1955.00	-0.00179521	1955.00	0.000299740
1956.00	-0.000357301	1956.00	-0.000589688
1957.00	-5.53891e-05	1957.00	-0.00106012
1958.00	1.86290e-05	1958.00	-0.000779557
1959.00	-0.00155367	1959.00	-0.000282382
1960.00	-0.000534607	1960.00	-0.000218791
1961.00	7.43054e-05	1961.00	-0.000241308
1962.00	0.00114849	1962.00	-2.50632e-05
1963.00	0.00128494	1963.00	-0.000386665
1964.00	0.000968035	1964.00	0.000471676
1965.00	0.000731543	1965.00	0.000500016
1966.00	0.00120941	1966.00	0.000637829
1967.00	0.000964413	1967.00	-0.000298591
1968.00	0.00216418	1968.00	-0.00130335
1969.00	0.00245950	1969.00	-0.000718483
1970.00	0.00206881	1970.00	5.25510e-05
1971.00	0.00220368	1971.00	0.000460855
1972.00	0.00116790	1972.00	0.000720311
1973.00	-0.000574275	1973.00	0.000870645
1974.00	0.00119287	1974.00	0.000779767
1975.00	0.00224335	1975.00	1.32086e-05
1976.00	0.00432030	1976.00	-1.15214e-06
1977.00	0.00143250	1977.00	0.000388599
1978.00	0.000549232	1978.00	0.000186150
1979.00	-0.00192228	1979.00	7.70395e-05
1980.00	-0.000993720	1980.00	-0.000492372
1981.00	-0.000192157	1981.00	0.000114721
1982.00	0.000242694	1982.00	0.000726829
1983.00	0.000106142	1983.00	0.000451532
1984.00	-0.000283942	1984.00	0.000572503
1985.00	0.00151056	1985.00	-0.000105653
1986.00	0.00150475	1986.00	0.000637574
1987.00	0.000769703	1987.00	0.000733212
1988.00	0.000582243	1988.00	0.000658565
1989.00	0.000307745	1989.00	0.000598993
1990.00	0.000287874	1990.00	3.95620e-05
1991.00	0.00128026	1991.00	-0.000786919
1992.00	-0.000348185	1992.00	-0.000641692
1993.00	-0.000632776	1993.00	-0.000731597
1994.00	-0.00184413	1994.00	0.00130781
1995.00	-0.00187231	1995.00	0.00208701
1996.00	-0.000917535	1996.00	0.00116042
1997.00	0.000341365	1997.00	-9.09404e-05
1998.00	0.00151790	1998.00	-0.000883120
1999.00	0.000794792	1999.00	-0.000363570
