XConc1	Conc1	XConc2	Conc2
0.00000	1.17390e-127	0.00000	1.19031e-127
1.00000	2.02341e-122	1.00000	2.05229e-122
2.00000	2.69906e-117	2.00000	2.73843e-117
3.00000	2.78630e-112	3.00000	2.82785e-112
4.00000	2.22606e-107	4.00000	2.26002e-107
5.00000	1.37642e-102	5.00000	1.39791e-102
6.00000	6.58692e-98	6.00000	6.69221e-98
7.00000	2.43971e-93	7.00000	2.47966e-93
8.00000	6.99409e-89	8.00000	7.11152e-89
9.00000	1.55194e-84	9.00000	1.57867e-84
10.0000	2.66553e-80	10.0000	2.71265e-80
11.0000	3.54380e-76	11.0000	3.60815e-76
12.0000	3.64713e-72	12.0000	3.71520e-72
13.0000	2.90566e-68	13.0000	2.96145e-68
14.0000	1.79212e-64	14.0000	1.82755e-64
15.0000	8.55740e-61	15.0000	8.73172e-61
16.0000	3.16366e-57	16.0000	3.23012e-57
17.0000	9.05594e-54	17.0000	9.25236e-54
18.0000	2.00725e-50	18.0000	2.05224e-50
19.0000	3.44525e-47	19.0000	3.52515e-47
20.0000	4.57958e-44	20.0000	4.68959e-44
21.0000	4.71466e-41	21.0000	4.83211e-41
22.0000	3.75953e-38	22.0000	3.85679e-38
23.0000	2.32231e-35	23.0000	2.38479e-35
24.0000	1.11136e-32	24.0000	1.14251e-32
25.0000	4.12097e-30	25.0000	4.24148e-30
26.0000	1.18416e-27	26.0000	1.22036e-27
27.0000	2.63728e-25	27.0000	2.72172e-25
28.0000	4.55322e-23	28.0000	4.70624e-23
29.0000	6.09519e-21	29.0000	6.31072e-21
30.0000	6.32799e-19	30.0000	6.56405e-19
31.0000	5.09653e-17	31.0000	5.29767e-17
32.0000	3.18532e-15	32.0000	3.31875e-15
33.0000	1.54549e-13	33.0000	1.61445e-13
34.0000	5.82382e-12	34.0000	6.10170e-12
35.0000	1.70534e-10	35.0000	1.79275e-10
36.0000	3.88288e-09	36.0000	4.09776e-09
37.0000	6.87985e-08	37.0000	7.29333e-08
38.0000	9.49525e-07	38.0000	1.01191e-06
39.0000	1.02202e-05	39.0000	1.09600e-05
40.0000	8.59227e-05	40.0000	9.28352e-05
41.0000	0.000565331	41.0000	0.000616414
42.0000	0.00291854	42.0000	0.00321840
43.0000	0.0118627	43.0000	0.0132688
44.0000	0.0381395	44.0000	0.0434451
45.0000	0.0976156	45.0000	0.113877
46.0000	0.200680	46.0000	0.241659
47.0000	0.335592	47.0000	0.421812
48.0000	0.464664	48.0000	0.619042
49.0000	0.545807	49.0000	0.786407
50.0000	0.561271	50.0000	0.895927
51.0000	0.524200	51.0000	0.950296
52.0000	0.461223	52.0000	0.969446
53.0000	0.393709	53.0000	0.972350
54.0000	0.332022	54.0000	0.969680
55.0000	0.278949	55.0000	0.965574
56.0000	0.234150	56.0000	0.961199
57.0000	0.196513	57.0000	0.956801
58.0000	0.164922	58.0000	0.952417
59.0000	0.138409	59.0000	0.948054
60.0000	0.116159	60.0000	0.943710
61.0000	0.0974849	61.0000	0.939386
62.0000	0.0818133	62.0000	0.935082
63.0000	0.0686610	63.0000	0.930798
64.0000	0.0576231	64.0000	0.926533
65.0000	0.0483596	65.0000	0.922288
66.0000	0.0405853	66.0000	0.918062
67.0000	0.0340609	67.0000	0.913855
68.0000	0.0285852	68.0000	0.909668
69.0000	0.0239899	69.0000	0.905500
70.0000	0.0201333	70.0000	0.901352
71.0000	0.0168967	71.0000	0.897222
72.0000	0.0141804	72.0000	0.893111
73.0000	0.0119007	73.0000	0.889019
74.0000	0.00998757	74.0000	0.884946
75.0000	0.00838197	75.0000	0.880891
76.0000	0.00703449	76.0000	0.876855
77.0000	0.00590363	77.0000	0.872837
78.0000	0.00495456	78.0000	0.868838
79.0000	0.00415807	79.0000	0.864857
80.0000	0.00348962	80.0000	0.860895
81.0000	0.00292863	81.0000	0.856950
82.0000	0.00245782	82.0000	0.853024
83.0000	0.00206271	83.0000	0.849115
84.0000	0.00173111	84.0000	0.845225
85.0000	0.00145281	85.0000	0.841352
86.0000	0.00121926	86.0000	0.837497
87.0000	0.00102325	87.0000	0.833660
88.0000	0.000858754	88.0000	0.829840
89.0000	0.000720701	89.0000	0.826038
90.0000	0.000604842	90.0000	0.822253
91.0000	0.000507607	91.0000	0.818486
92.0000	0.000426005	92.0000	0.814736
93.0000	0.000357520	93.0000	0.811003
94.0000	0.000300045	94.0000	0.807287
95.0000	0.000251810	95.0000	0.803588
96.0000	0.000211329	96.0000	0.799906
97.0000	0.000177356	97.0000	0.796241
98.0000	0.000148844	98.0000	0.792593
99.0000	0.000124916	99.0000	0.788962
100.000	0.000104835	100.000	0.785347
101.000	8.79815e-05	101.000	0.781748
102.000	7.38376e-05	102.000	0.778167
103.000	6.19675e-05	103.000	0.774601
104.000	5.20056e-05	104.000	0.771052
105.000	4.36452e-05	105.000	0.767519
106.000	3.66288e-05	106.000	0.764003
107.000	3.07404e-05	107.000	0.760502
108.000	2.57986e-05	108.000	0.757018
109.000	2.16512e-05	109.000	0.753549
110.000	1.81706e-05	110.000	0.750097
111.000	1.52495e-05	111.000	0.746660
112.000	1.27980e-05	112.000	0.743239
113.000	1.07406e-05	113.000	0.739833
114.000	9.01393e-06	114.000	0.736444
115.000	7.56485e-06	115.000	0.733069
116.000	6.34873e-06	116.000	0.729711
117.000	5.32811e-06	117.000	0.726367
118.000	4.47156e-06	118.000	0.723039
119.000	3.75272e-06	119.000	0.719726
120.000	3.14943e-06	120.000	0.716429
121.000	2.64313e-06	121.000	0.713146
122.000	2.21822e-06	122.000	0.709879
123.000	1.86162e-06	123.000	0.706626
124.000	1.56235e-06	124.000	0.703388
125.000	1.31118e-06	125.000	0.700166
126.000	1.10040e-06	126.000	0.696958
127.000	9.23499e-07	127.000	0.693764
128.000	7.75038e-07	128.000	0.690586
129.000	6.50443e-07	129.000	0.687422
130.000	5.45878e-07	130.000	0.684272
