XConc1	Conc1	XConc2	Conc2
0.00000	7.23762e-142	0.00000	7.30342e-142
1.00000	5.54885e-136	1.00000	5.60039e-136
2.00000	3.18018e-130	2.00000	3.21037e-130
3.00000	1.36255e-124	3.00000	1.37578e-124
4.00000	4.36427e-119	4.00000	4.40762e-119
5.00000	1.04506e-113	5.00000	1.05569e-113
6.00000	1.87091e-108	6.00000	1.89039e-108
7.00000	2.50413e-103	7.00000	2.53085e-103
8.00000	2.50591e-98	8.00000	2.53333e-98
9.00000	1.87496e-93	9.00000	1.89601e-93
10.0000	1.04894e-88	10.0000	1.06104e-88
11.0000	4.38793e-84	11.0000	4.43992e-84
12.0000	1.37256e-79	12.0000	1.38929e-79
13.0000	3.21062e-75	13.0000	3.25088e-75
14.0000	5.61629e-71	14.0000	5.68883e-71
15.0000	7.34741e-67	15.0000	7.44525e-67
16.0000	7.18900e-63	16.0000	7.28777e-63
17.0000	5.26110e-59	17.0000	5.33577e-59
18.0000	2.87997e-55	18.0000	2.92223e-55
19.0000	1.17932e-51	19.0000	1.19724e-51
20.0000	3.61282e-48	20.0000	3.66971e-48
21.0000	8.28069e-45	21.0000	8.41601e-45
22.0000	1.42016e-41	22.0000	1.44428e-41
23.0000	1.82265e-38	23.0000	1.85487e-38
24.0000	1.75073e-35	24.0000	1.78300e-35
25.0000	1.25877e-32	25.0000	1.28300e-32
26.0000	6.77560e-30	26.0000	6.91208e-30
27.0000	2.73089e-27	27.0000	2.78857e-27
28.0000	8.24335e-25	28.0000	8.42634e-25
29.0000	1.86400e-22	29.0000	1.90760e-22
30.0000	3.15824e-20	30.0000	3.23629e-20
31.0000	4.01089e-18	31.0000	4.11594e-18
32.0000	3.81935e-16	32.0000	3.92574e-16
33.0000	2.72823e-14	33.0000	2.80935e-14
34.0000	1.46264e-12	34.0000	1.50927e-12
35.0000	5.88888e-11	35.0000	6.09112e-11
36.0000	1.78194e-09	36.0000	1.84824e-09
37.0000	4.05627e-08	37.0000	4.22080e-08
38.0000	6.95411e-07	38.0000	7.26387e-07
39.0000	8.99250e-06	39.0000	9.43615e-06
40.0000	8.78766e-05	40.0000	9.27264e-05
41.0000	0.000650589	41.0000	0.000691230
42.0000	0.00366129	42.0000	0.00392380
43.0000	0.0157340	43.0000	0.0170504
44.0000	0.0519606	44.0000	0.0571344
45.0000	0.133061	45.0000	0.149195
46.0000	0.267656	46.0000	0.308225
47.0000	0.430870	47.0000	0.514835
48.0000	0.569926	48.0000	0.716617
49.0000	0.641850	49.0000	0.864553
50.0000	0.642681	50.0000	0.945616
51.0000	0.598309	51.0000	0.978280
52.0000	0.537166	52.0000	0.987209
53.0000	0.475626	53.0000	0.987860
54.0000	0.419465	54.0000	0.986412
55.0000	0.369623	55.0000	0.984576
56.0000	0.325660	56.0000	0.982688
57.0000	0.286922	57.0000	0.980799
58.0000	0.252792	58.0000	0.978913
59.0000	0.222721	59.0000	0.977031
60.0000	0.196227	60.0000	0.975152
61.0000	0.172885	61.0000	0.973277
62.0000	0.152320	62.0000	0.971405
63.0000	0.134201	63.0000	0.969537
64.0000	0.118237	64.0000	0.967673
65.0000	0.104172	65.0000	0.965812
66.0000	0.0917803	66.0000	0.963955
67.0000	0.0808626	67.0000	0.962101
68.0000	0.0712437	68.0000	0.960251
69.0000	0.0627689	69.0000	0.958405
70.0000	0.0553023	70.0000	0.956562
71.0000	0.0487238	71.0000	0.954722
72.0000	0.0429279	72.0000	0.952886
73.0000	0.0378215	73.0000	0.951054
74.0000	0.0333224	74.0000	0.949225
75.0000	0.0293586	75.0000	0.947400
76.0000	0.0258662	76.0000	0.945578
77.0000	0.0227893	77.0000	0.943760
78.0000	0.0200785	78.0000	0.941945
79.0000	0.0176900	79.0000	0.940134
80.0000	0.0155857	80.0000	0.938326
81.0000	0.0137317	81.0000	0.936522
82.0000	0.0120983	82.0000	0.934721
83.0000	0.0106591	83.0000	0.932923
84.0000	0.00939119	84.0000	0.931129
85.0000	0.00827406	85.0000	0.929339
86.0000	0.00728983	86.0000	0.927552
87.0000	0.00642267	87.0000	0.925768
88.0000	0.00565867	88.0000	0.923988
89.0000	0.00498554	89.0000	0.922211
90.0000	0.00439249	90.0000	0.920438
91.0000	0.00386998	91.0000	0.918668
92.0000	0.00340963	92.0000	0.916901
93.0000	0.00300404	93.0000	0.915138
94.0000	0.00264670	94.0000	0.913378
95.0000	0.00233186	95.0000	0.911622
96.0000	0.00205448	96.0000	0.909869
97.0000	0.00181009	97.0000	0.908119
98.0000	0.00159477	98.0000	0.906373
99.0000	0.00140506	99.0000	0.904630
100.000	0.00123793	100.000	0.902891
101.000	0.00109067	101.000	0.901154
102.000	0.000960929	102.000	0.899421
103.000	0.000846622	103.000	0.897692
104.000	0.000745913	104.000	0.895966
105.000	0.000657183	105.000	0.894243
106.000	0.000579009	106.000	0.892523
107.000	0.000510133	107.000	0.890807
108.000	0.000449450	108.000	0.889094
109.000	0.000395986	109.000	0.887384
110.000	0.000348882	110.000	0.885678
111.000	0.000307381	111.000	0.883975
112.000	0.000270817	112.000	0.882275
113.000	0.000238602	113.000	0.880578
114.000	0.000210219	114.000	0.878885
115.000	0.000185213	115.000	0.877195
116.000	0.000163181	116.000	0.875508
117.000	0.000143770	117.000	0.873825
118.000	0.000126668	118.000	0.872144
119.000	0.000111600	119.000	0.870467
120.000	9.83246e-05	120.000	0.868793
121.000	8.66285e-05	121.000	0.867123
122.000	7.63236e-05	122.000	0.865455
123.000	6.72446e-05	123.000	0.863791
124.000	5.92456e-05	124.000	0.862130
125.000	5.21980e-05	125.000	0.860472
126.000	4.59889e-05	126.000	0.858818
127.000	4.05183e-05	127.000	0.857166
128.000	3.56985e-05	128.000	0.855518
129.000	3.14520e-05	129.000	0.853873
130.000	2.77106e-05	130.000	0.852231
