XDAS1	DAS1	XDAS2	DAS2
0.00000	0.000814761	0.00000	-0.000115207
1.00000	0.00188992	1.00000	0.000632468
2.00000	0.000469655	2.00000	0.00195648
3.00000	-0.00326455	3.00000	0.00171279
4.00000	-0.00500367	4.00000	-0.000249935
5.00000	-0.00410399	5.00000	-0.00132082
6.00000	0.000609931	6.00000	-0.000815048
7.00000	0.000460555	7.00000	-0.000655907
8.00000	-0.000152506	8.00000	-0.000207432
9.00000	0.00337102	9.00000	0.000975964
10.0000	0.00238445	10.0000	1.41144e-05
11.0000	0.00264228	11.0000	-0.000316752
12.0000	7.19412e-05	12.0000	-0.00112669
13.0000	-0.00180852	13.0000	-0.000719118
14.0000	-0.00267134	14.0000	-0.000691032
15.0000	-0.00332752	15.0000	0.000353542
16.0000	-0.000640717	16.0000	-0.00118247
17.0000	-0.00240665	17.0000	-0.000334789
18.0000	0.00215625	18.0000	0.000740611
19.0000	0.00227923	19.0000	0.00224395
20.0000	0.00272482	20.0000	0.000129798
21.0000	0.00254395	21.0000	0.00153023
22.0000	-0.000431706	22.0000	0.000392185
23.0000	0.00175495	23.0000	0.00105728
24.0000	-0.00103556	24.0000	-0.000842548
25.0000	0.000284575	25.0000	-0.00151725
26.0000	-0.00145987	26.0000	-0.00268711
27.0000	0.000225631	27.0000	-0.00156133
28.0000	-0.000367096	28.0000	-0.000522758
29.0000	0.00278455	29.0000	0.000576313
30.0000	0.00202035	30.0000	0.000603149
31.0000	0.00490884	31.0000	-0.000287597
32.0000	0.00218467	32.0000	-0.00211405
33.0000	0.00128092	33.0000	-0.00218441
34.0000	-0.000479275	34.0000	0.00134841
35.0000	-0.00259082	35.0000	0.00383594
36.0000	3.74816e-05	36.0000	0.00206614
37.0000	-0.00297937	37.0000	-0.000412073
38.0000	-0.00292737	38.0000	-0.000549635
39.0000	-0.00497723	39.0000	-0.000396138
40.0000	-0.00113139	40.0000	-7.78161e-05
41.0000	0.00113957	41.0000	-0.00133781
42.0000	0.000366517	42.0000	-0.000103934
43.0000	0.000366254	43.0000	-4.92380e-05
44.0000	-0.00119868	44.0000	-0.00113205
45.0000	-0.000737605	45.0000	0.000357888
46.0000	-0.000944852	46.0000	0.00120789
47.0000	0.000296960	47.0000	0.00110082
48.0000	-0.00150275	48.0000	0.00165747
49.0000	-0.00342235	49.0000	0.00218426
50.0000	-0.00522048	50.0000	0.00312623
51.0000	-0.00590092	51.0000	0.00180909
52.0000	-0.00236801	52.0000	0.00160059
53.0000	0.00302677	53.0000	0.000315870
54.0000	0.00177007	54.0000	0.00422612
55.0000	0.00169745	55.0000	0.00185586
56.0000	-0.00173918	56.0000	0.00189280
57.0000	-0.00449240	57.0000	-4.23200e-05
58.0000	-0.00625912	58.0000	0.000972239
59.0000	-0.00716739	59.0000	0.000170791
60.0000	-0.00432028	60.0000	-0.000266548
61.0000	0.00136194	61.0000	-2.00166e-05
62.0000	0.000717654	62.0000	-0.000163061
63.0000	-0.000597349	63.0000	0.000747475
64.0000	-0.00144556	64.0000	-0.000124470
65.0000	-0.000951963	65.0000	0.00159532
66.0000	0.000196983	66.0000	-0.000564919
67.0000	-0.000942648	67.0000	0.000376154
68.0000	0.00245030	68.0000	-0.000204058
69.0000	0.00187557	69.0000	0.00200243
70.0000	0.00176595	70.0000	0.00146092
71.0000	-0.00203688	71.0000	0.00216493
72.0000	-0.00564164	72.0000	0.000829066
73.0000	-0.00414127	73.0000	0.000293501
74.0000	-0.00550471	74.0000	0.000536895
75.0000	-0.00334423	75.0000	0.00124881
76.0000	-0.00430143	76.0000	0.00220503
77.0000	-0.00210384	77.0000	5.66572e-05
78.0000	-0.00481584	78.0000	-0.00137905
79.0000	-0.00277662	79.0000	-0.000759377
80.0000	-0.00553684	80.0000	-0.00128980
81.0000	0.00495974	81.0000	-0.00127156
82.0000	0.00189436	82.0000	-0.00182255
83.0000	0.00147424	83.0000	-0.000165618
84.0000	-0.00124416	84.0000	0.000732343
85.0000	-0.00372840	85.0000	0.000556106
86.0000	-0.00163467	86.0000	0.00180407
87.0000	-0.00130794	87.0000	0.000171493
88.0000	0.00145994	88.0000	0.000866047
89.0000	0.00100251	89.0000	0.000435648
90.0000	0.000180512	90.0000	0.000706458
91.0000	0.000114000	91.0000	-0.00205990
92.0000	-0.000365768	92.0000	-0.00197883
93.0000	-0.00148249	93.0000	-0.00150974
94.0000	-0.00142761	94.0000	0.000292959
95.0000	-0.00226009	95.0000	-0.000776044
96.0000	-0.00372888	96.0000	-0.000508660
97.0000	-0.00238111	97.0000	0.00140661
98.0000	0.000212377	98.0000	0.00291107
99.0000	0.00197871	99.0000	0.00152236
100.000	-0.00294814	100.000	-0.000651699
101.000	-0.00505979	101.000	-0.000565558
102.000	-0.00555252	102.000	0.00220979
103.000	-0.000452541	103.000	0.00192328
104.000	-0.00101562	104.000	0.000685354
105.000	-0.00191646	105.000	-0.000433201
106.000	-0.00202494	106.000	0.000836284
107.000	-0.00177488	107.000	0.00252194
108.000	-0.00188719	108.000	0.00109615
109.000	-0.00183387	109.000	1.80805e-05
110.000	-0.00181238	110.000	-0.00126250
111.000	-0.00391195	111.000	-0.00162422
112.000	-0.00256130	112.000	-0.00135215
113.000	0.000308442	113.000	-0.00118488
114.000	0.000121474	114.000	1.37404e-05
115.000	0.000633169	115.000	0.00125634
116.000	0.00297952	116.000	-0.000145863
117.000	0.000627834	117.000	7.71077e-05
118.000	-0.00307370	118.000	1.37383e-05
119.000	-0.00384205	119.000	0.000734463
120.000	-0.00205356	120.000	0.00237838
121.000	0.00257781	121.000	0.000914467
122.000	-0.000463851	122.000	0.000875823
123.000	0.00162846	123.000	-0.000170262
124.000	0.000278068	124.000	0.000405233
125.000	-0.000270260	125.000	0.00119612
126.000	-0.00288674	126.000	0.00204783
127.000	-0.00431296	127.000	0.00266471
128.000	-0.00375608	128.000	0.00296443
129.000	-0.00595710	129.000	0.00313722
130.000	-0.00496585	130.000	0.00346883
131.000	-0.00230446	131.000	0.000470998
132.000	0.00323031	132.000	-0.000223140
133.000	0.000554692	133.000	-0.000757964
134.000	0.00134837	134.000	-0.000501771
135.000	-0.00133527	135.000	-0.000664476
136.000	-0.00316227	136.000	-0.00101057
137.000	-0.00535734	137.000	-0.000428636
138.000	-0.00691807	138.000	0.000346025
139.000	0.000170396	139.000	0.000719911
140.000	0.00287005	140.000	0.000175615
141.000	0.00709537	141.000	-0.00299668
142.000	0.00209408	142.000	-0.00266871
143.000	0.00146777	143.000	-0.00126919
144.000	-0.00264351	144.000	-0.00154876
145.000	-9.52031e-05	145.000	-0.000915652
146.000	-0.00344366	146.000	-0.000158711
147.000	-0.00144316	147.000	0.00181561
148.000	-0.000715985	148.000	0.000725708
149.000	-0.00253212	149.000	0.000582149
150.000	-0.00681615	150.000	-0.000727399
151.000	-0.00740315	151.000	-2.20894e-05
152.000	-0.00580804	152.000	-0.000620143
153.000	0.00104342	153.000	0.00143136
154.000	-0.00170136	154.000	0.00126542
155.000	-0.00311818	155.000	0.00221114
156.000	-0.00399443	156.000	0.000750826
157.000	0.000296435	157.000	-0.000276001
158.000	0.00175890	158.000	-0.000754922
159.000	0.00278634	159.000	0.000594864
160.000	0.00374669	160.000	0.000597054
161.000	0.00496202	161.000	0.000892154
162.000	0.00647372	162.000	-0.00157378
163.000	0.00471598	163.000	-7.70496e-05
164.000	0.000189465	164.000	-0.000551031
165.000	-0.000540903	165.000	0.00221348
166.000	-0.00227636	166.000	0.00153051
167.000	-0.00229163	167.000	0.000718734
168.000	-0.00600777	168.000	-0.000879647
169.000	-0.00485105	169.000	-0.000937313
170.000	-0.00541131	170.000	0.000223251
171.000	-0.00334286	171.000	-0.00203502
172.000	-0.00131247	172.000	-0.000621426
173.000	-0.00132934	173.000	1.75105e-05
174.000	-0.00120398	174.000	0.000737089
175.000	-0.00631234	175.000	0.00224606
176.000	-0.00356170	176.000	0.00187802
177.000	-0.00233899	177.000	0.00116506
178.000	-0.000130223	178.000	-0.00104052
179.000	-0.00340811	179.000	0.000912170
180.000	-0.00470494	180.000	0.00109718
181.000	-0.00154480	181.000	-0.000668017
182.000	0.000322599	182.000	-0.00206350
183.000	-0.00203340	183.000	-9.54960e-05
184.000	-0.00290057	184.000	0.00113695
185.000	0.000290274	185.000	-8.47467e-05
186.000	0.00339089	186.000	-0.000398847
187.000	-0.00121200	187.000	0.000746118
188.000	-0.00493598	188.000	0.00180448
189.000	-0.00545902	189.000	0.00172158
190.000	-0.00400397	190.000	-0.000478051
191.000	-0.00263692	191.000	-0.00112581
192.000	-0.00345760	192.000	-0.000818344
193.000	-0.00259731	193.000	-0.000245734
194.000	-0.00124075	194.000	-0.00109945
195.000	-0.00386656	195.000	-0.00204036
196.000	-0.00544223	196.000	8.54666e-05
197.000	-0.00525004	197.000	0.000286087
198.000	-0.000867007	198.000	-0.000293248
199.000	0.000520907	199.000	0.000540646
200.000	0.000220606	200.000	7.12987e-05
201.000	0.000251618	201.000	0.000963323
202.000	-0.00132757	202.000	0.000319409
203.000	-0.00508159	203.000	0.000693111
204.000	-0.00474968	204.000	0.000232569
205.000	-0.00482027	205.000	-0.000261756
206.000	-0.000390906	206.000	-0.000804065
207.000	-0.00298250	207.000	-0.00116387
208.000	-0.00315824	208.000	-0.000302775
209.000	-0.00523832	209.000	-0.000439265
210.000	-0.00229740	210.000	0.000318859
211.000	-0.00388469	211.000	0.00162774
212.000	-0.00235954	212.000	0.00210473
213.000	-0.00301090	213.000	0.000201238
214.000	0.00147884	214.000	-0.000612894
215.000	0.00323521	215.000	-0.00138007
216.000	0.00614087	216.000	-0.00204383
217.000	0.00280867	217.000	-0.000298657
218.000	-9.29971e-05	218.000	-0.000240282
219.000	-0.00411642	219.000	0.00105957
220.000	-0.00374249	220.000	-0.00100946
221.000	-0.000508486	221.000	-0.000871776
222.000	-0.000404288	222.000	9.31884e-05
223.000	-0.00261043	223.000	0.00143536
224.000	-0.00413078	224.000	0.00137283
225.000	-0.00454371	225.000	0.000417386
226.000	-0.00198826	226.000	-0.00113755
227.000	-8.27263e-05	227.000	-0.000431380
228.000	0.00301688	228.000	-0.000260445
229.000	0.00453213	229.000	-0.000188287
230.000	0.000805847	230.000	-0.000759873
231.000	-0.00264069	231.000	0.000131319
232.000	-0.00371174	232.000	8.70384e-05
233.000	-0.00288977	233.000	0.000551492
234.000	-0.00166786	234.000	0.000864936
235.000	-0.00299192	235.000	0.00116655
236.000	-0.00294903	236.000	0.00184732
237.000	0.000154778	237.000	0.00149454
238.000	0.00199117	238.000	-0.00100105
239.000	-0.000329076	239.000	-0.000791556
240.000	-0.00234980	240.000	-0.00239999
241.000	-0.00527387	241.000	-0.00100678
242.000	-0.00282478	242.000	0.000231214
243.000	0.00249401	243.000	0.000319233
244.000	0.00277444	244.000	0.000527649
245.000	-0.000363515	245.000	-0.00122584
246.000	-0.000649833	246.000	0.000379642
247.000	0.00247760	247.000	-0.000637610
248.000	0.00284480	248.000	-0.000529107
249.000	0.00172514	249.000	-0.00107642
250.000	0.00272844	250.000	-0.000675708
251.000	0.00222056	251.000	-0.000633424
252.000	0.000586368	252.000	-0.000690209
253.000	0.00159929	253.000	-0.00164333
254.000	0.00346356	254.000	9.77929e-05
255.000	-0.00215102	255.000	0.000577522
256.000	-0.00126846	256.000	0.000169693
257.000	0.000474319	257.000	-0.000121345
258.000	0.00112109	258.000	-0.00116203
259.000	-0.000343127	259.000	-0.000879166
260.000	-0.00146624	260.000	-0.000834756
261.000	-0.00259229	261.000	-0.000767779
262.000	-0.00329780	262.000	-0.000216514
263.000	-0.00382754	263.000	-0.000788529
264.000	-0.000224130	264.000	0.000446740
265.000	-0.000614116	265.000	-0.000953778
266.000	-1.30548e-05	266.000	0.00150915
267.000	-0.00258461	267.000	-0.000136311
268.000	-0.00165633	268.000	0.000422718
269.000	-0.00270572	269.000	0.000225197
270.000	-0.000951453	270.000	0.000428879
271.000	-0.00163231	271.000	-0.000365089
272.000	-0.00256427	272.000	-0.000730683
273.000	-0.00392774	273.000	-0.00152880
274.000	-0.00290499	274.000	-0.00168449
275.000	-0.00187043	275.000	-0.00132851
276.000	-0.00180164	276.000	0.000525098
277.000	-0.00417051	277.000	0.00203640
278.000	-0.00345757	278.000	0.000689494
279.000	-0.00259487	279.000	-5.04614e-05
280.000	-0.00125639	280.000	4.45315e-05
281.000	-0.00154068	281.000	0.000622448
282.000	-0.00230481	282.000	0.000479452
283.000	-0.00462844	283.000	0.000840782
284.000	-0.00200798	284.000	0.00118560
285.000	-0.00301732	285.000	0.000440243
286.000	-0.00319688	286.000	-0.00195604
287.000	-0.00263280	287.000	-0.00126138
288.000	0.000876479	288.000	0.000318690
289.000	-0.00126348	289.000	0.00154598
290.000	-0.00344421	290.000	0.00246043
291.000	-0.00124437	291.000	0.000389816
292.000	0.000346418	292.000	-0.000430687
293.000	0.000242054	293.000	-0.000168609
294.000	0.00202815	294.000	-0.00130482
295.000	0.00298071	295.000	-0.000650254
296.000	-6.67098e-05	296.000	-0.00154379
297.000	-0.00325349	297.000	0.000380834
298.000	-0.00451267	298.000	0.000393160
299.000	-0.00431801	299.000	0.000610199
300.000	-0.00207122	300.000	0.000605482
301.000	-0.00208737	301.000	-2.24823e-05
302.000	-0.00236413	302.000	-0.000421066
303.000	-0.00245386	303.000	-0.00121362
304.000	-0.00189590	304.000	-0.000338045
305.000	-0.00240073	305.000	-0.000119648
306.000	-0.00474064	306.000	0.000843033
307.000	-0.00543550	307.000	-0.000351843
308.000	-0.00657720	308.000	-0.00146205
309.000	-0.00175373	309.000	-0.00288496
310.000	-3.32780e-05	310.000	-0.00260230
311.000	-0.00366297	311.000	-0.000926160
312.000	-0.00531967	312.000	-1.29844e-05
313.000	-0.00536336	313.000	0.00110498
314.000	-0.000791739	314.000	0.000104847
315.000	-0.000404530	315.000	0.000190141
316.000	-0.000791728	316.000	0.000349608
317.000	0.00352101	317.000	0.000474796
318.000	0.00140172	318.000	0.00101824
319.000	0.00130469	319.000	-0.000200894
320.000	-0.00331510	320.000	0.00100099
321.000	-0.00218539	321.000	-0.000541310
322.000	-0.00380707	322.000	0.000385586
323.000	-0.00232426	323.000	-0.000573233
324.000	0.000146982	324.000	-0.000233256
325.000	-0.00372119	325.000	0.000164007
326.000	-0.00161306	326.000	3.07831e-06
327.000	-0.00127170	327.000	-0.000235778
328.000	-1.17265e-05	328.000	-0.000587275
329.000	-0.00185162	329.000	2.06635e-05
330.000	-0.00355790	330.000	0.000193577
331.000	-0.00298338	331.000	-0.000321126
332.000	0.000934984	332.000	-0.000895399
333.000	0.00210605	333.000	-0.00112668
334.000	-0.000537254	334.000	0.000263757
335.000	0.00111002	335.000	0.00175486
336.000	-0.00259871	336.000	0.00146160
337.000	-0.00300647	337.000	0.00201029
338.000	-0.00339630	338.000	0.00136052
339.000	-0.00252472	339.000	0.00156579
340.000	-0.00194752	340.000	-0.00243290
341.000	-0.000583427	341.000	-0.00110958
342.000	-0.00152631	342.000	0.000243671
343.000	-0.00288107	343.000	0.00132448
344.000	-0.00261921	344.000	-0.000307892
345.000	-0.000424983	345.000	-0.000484624
346.000	0.000159242	346.000	-0.000642396
347.000	-0.000361256	347.000	0.000103023
348.000	0.000301833	348.000	-0.000651396
349.000	-0.000302231	349.000	-0.000731620
350.000	0.00232724	350.000	-0.000848382
351.000	0.00266899	351.000	0.000694457
352.000	-0.000600216	352.000	0.00167531
353.000	-0.00353474	353.000	0.00130224
354.000	-0.00425910	354.000	0.000884235
355.000	-0.00283763	355.000	-5.35604e-05
356.000	-0.00103791	356.000	0.000593385
357.000	0.000678385	357.000	0.000107922
358.000	-0.00331756	358.000	0.000492036
359.000	-0.00219948	359.000	-0.00109900
360.000	-0.00326977	360.000	0.000967546
361.000	-0.00214111	361.000	0.000443672
362.000	-0.00110405	362.000	0.000977632
363.000	-0.00220067	363.000	-0.000564329
364.000	-0.00343214	364.000	0.000302923
365.000	-0.00552903	365.000	-0.000869823
366.000	-0.00240442	366.000	0.00130989
367.000	-0.00145656	367.000	0.000268947
368.000	0.00157012	368.000	0.000546098
369.000	0.000777138	369.000	-0.00170817
370.000	-0.000793384	370.000	0.000763554
371.000	-0.00189911	371.000	0.000434209
372.000	-0.000874535	372.000	-0.000491138
373.000	-0.00292051	373.000	-0.000681852
374.000	-0.00506546	374.000	0.00130713
375.000	-0.00314671	375.000	0.00136061
376.000	-0.00390784	376.000	0.00237527
377.000	0.000572077	377.000	0.000752337
378.000	-0.00124389	378.000	-0.000360878
379.000	0.000887228	379.000	-0.000654418
380.000	-0.000831119	380.000	0.000726275
381.000	0.00211871	381.000	0.00147395
382.000	0.00187324	382.000	0.00111544
383.000	0.00302066	383.000	-0.00104925
384.000	0.000791003	384.000	-0.00222992
385.000	-0.000805286	385.000	-0.000294968
386.000	-0.00214855	386.000	-0.000456017
387.000	-0.00217723	387.000	0.000950679
388.000	-0.00254788	388.000	2.76267e-05
389.000	-0.00284481	389.000	0.00207243
390.000	-0.00345891	390.000	0.000588667
391.000	-0.00255166	391.000	0.000623467
392.000	-0.00202164	392.000	0.000827152
393.000	-0.00234456	393.000	0.000853555
394.000	-0.00107429	394.000	0.000950411
395.000	0.00123482	395.000	0.000408639
396.000	-0.00250091	396.000	-9.16741e-05
397.000	-0.000996363	397.000	-0.00203573
398.000	-0.00294319	398.000	-0.00192945
399.000	-0.00102231	399.000	-0.00288759
400.000	-0.000332011	400.000	-0.000630606
401.000	-0.00209532	401.000	0.000589650
402.000	-0.000290026	402.000	0.00159142
403.000	0.00332142	403.000	0.00127302
404.000	0.00224228	404.000	0.00222234
405.000	0.000284294	405.000	0.00179830
406.000	-0.00189168	406.000	0.00195726
407.000	-0.00182611	407.000	0.000587147
408.000	-0.00458160	408.000	-0.000877074
409.000	-0.00398514	409.000	-0.000486614
410.000	-0.00395449	410.000	0.00126000
411.000	-0.00444863	411.000	1.40208e-05
412.000	-0.00461457	412.000	0.000657608
413.000	-0.00352020	413.000	0.000633134
414.000	-0.00380259	414.000	0.00186610
415.000	-0.000611947	415.000	0.00155111
416.000	-0.00434105	416.000	0.00280481
417.000	-0.00314625	417.000	0.000950661
418.000	-0.00391413	418.000	9.36744e-06
419.000	-0.000608142	419.000	-0.00172951
420.000	-0.000485014	420.000	-0.00166516
421.000	3.10563e-05	421.000	-0.00132300
422.000	-0.00252877	422.000	-0.00106758
423.000	-0.00125935	423.000	-0.00112355
424.000	-0.00330548	424.000	0.000528835
425.000	-0.00244573	425.000	0.000530540
426.000	-0.00354640	426.000	0.000453903
427.000	-0.00215997	427.000	-0.000101718
428.000	-0.00103631	428.000	0.00136513
429.000	-0.00135597	429.000	0.00107592
430.000	-0.000234507	430.000	0.00141145
431.000	-0.00108770	431.000	0.000858555
432.000	0.000941440	432.000	0.00140961
433.000	0.00232729	433.000	0.000889380
434.000	0.000146456	434.000	-0.000109355
435.000	-0.000650144	435.000	-0.000839902
436.000	-0.00249637	436.000	-0.000617682
437.000	-0.00193063	437.000	-0.000660021
438.000	-0.00105100	438.000	0.000143886
439.000	-4.87023e-05	439.000	-0.000378602
440.000	-0.000523531	440.000	-0.000764618
441.000	-0.00169626	441.000	-0.000643034
442.000	-0.000862247	442.000	-0.00194704
443.000	-1.92746e-05	443.000	-0.00113504
444.000	0.000365042	444.000	-0.00192818
445.000	-0.000912214	445.000	-0.00119816
446.000	-0.00154476	446.000	-0.00112383
447.000	-0.00194972	447.000	-0.000940429
448.000	-0.00175977	448.000	2.47401e-06
449.000	-0.00101382	449.000	0.00129943
450.000	-0.00198769	450.000	0.00131121
451.000	-0.000327172	451.000	-0.000115811
452.000	-0.00129049	452.000	-0.000671768
453.000	-0.00220275	453.000	-0.000788796
454.000	-0.00310146	454.000	-0.000572863
455.000	-0.00290072	455.000	9.63375e-05
456.000	-0.00301276	456.000	0.00127384
457.000	-0.00314627	457.000	0.000445538
458.000	-0.000352977	458.000	0.000138082
459.000	-0.000943730	459.000	0.000413369
460.000	-0.000463940	460.000	0.000314948
461.000	-0.00197565	461.000	0.000475499
462.000	-0.00116654	462.000	-0.000689045
463.000	-0.00557357	463.000	0.000341129
464.000	-0.00694885	464.000	-0.000219713
465.000	-0.00579632	465.000	0.000371695
466.000	-0.00159947	466.000	-0.000193795
467.000	0.00187584	467.000	4.33901e-05
468.000	-0.000141568	468.000	0.000325584
469.000	-0.000717979	469.000	0.000430837
470.000	-0.00130685	470.000	0.000628728
471.000	-0.00176379	471.000	-0.000818453
472.000	-0.00213135	472.000	-0.000999254
473.000	-0.00456875	473.000	-0.00165566
474.000	-0.00755281	474.000	0.000359385
475.000	-0.00400458	475.000	-0.000839379
476.000	-0.00252795	476.000	0.00205868
477.000	-0.000152500	477.000	0.00125551
478.000	-6.19550e-05	478.000	0.00223129
479.000	0.000601097	479.000	0.00128280
480.000	8.36072e-05	480.000	0.000907252
481.000	-0.000184494	481.000	0.000743342
482.000	-0.00160455	482.000	-0.000600217
483.000	0.00144311	483.000	-0.00159593
484.000	-0.000721011	484.000	-0.00164754
485.000	-3.18452e-05	485.000	-1.10251e-05
486.000	-0.000692648	486.000	-0.000441914
487.000	-0.00152806	487.000	0.000586366
488.000	-0.00111048	488.000	-0.000187884
489.000	-0.00119434	489.000	0.000644659
490.000	1.32240e-05	490.000	2.63987e-05
491.000	-0.000751558	491.000	-0.000732883
492.000	0.00199698	492.000	-0.000499925
493.000	-0.000797647	493.000	-0.00126861
494.000	-0.000899003	494.000	-0.00126163
495.000	-0.00263695	495.000	0.000269001
496.000	0.000705704	496.000	0.000552451
497.000	9.16619e-05	497.000	-0.000580871
498.000	-0.00104689	498.000	-0.00111791
499.000	-0.00190421	499.000	-0.00134719
500.000	-0.00167407	500.000	0.000249793
501.000	0.000957661	501.000	0.00119029
502.000	0.00282334	502.000	0.00186346
503.000	0.00141105	503.000	0.00134400
504.000	-0.000768365	504.000	0.00152467
505.000	0.000186817	505.000	0.000918852
506.000	-0.000566907	506.000	0.000861940
507.000	-0.00464950	507.000	0.000589632
508.000	-0.00505871	508.000	-0.000263647
509.000	-0.00643174	509.000	0.000443918
510.000	-0.00384049	510.000	0.00175897
511.000	-0.00140254	511.000	0.00231648
512.000	0.00187668	512.000	-5.29882e-05
513.000	-0.000765758	513.000	-0.000582525
514.000	0.000458325	514.000	-0.000759801
515.000	0.000684264	515.000	-0.000986411
516.000	-0.000374916	516.000	-0.00139724
517.000	-0.00105921	517.000	0.000486818
518.000	-0.00544205	518.000	0.00106690
519.000	-0.00341308	519.000	0.00240619
520.000	-0.00183019	520.000	-0.000498733
521.000	-0.000842636	521.000	-0.00120999
522.000	-0.00155629	522.000	-0.00189372
523.000	-0.00226340	523.000	-0.00159313
524.000	-0.00418049	524.000	0.000612535
525.000	-0.00503671	525.000	-0.000214730
526.000	-0.00294104	526.000	0.000790490
527.000	-0.00173847	527.000	0.000230721
528.000	0.000306638	528.000	0.000837435
529.000	-0.000547104	529.000	-0.000420838
530.000	0.000681332	530.000	-9.63037e-05
531.000	4.34092e-05	531.000	-0.000116665
532.000	-0.000346827	532.000	0.000302287
533.000	-0.000219899	533.000	-0.000201676
534.000	-0.000931162	534.000	-0.000586957
535.000	-0.00197768	535.000	-0.000952728
536.000	-0.000753724	536.000	-0.000836380
537.000	2.32991e-05	537.000	-0.00206740
538.000	0.000681842	538.000	-0.00181437
539.000	0.000174244	539.000	-0.000821747
540.000	-0.00279518	540.000	-0.000560162
541.000	-0.00305249	541.000	0.000991226
542.000	-0.00521061	542.000	0.000570604
543.000	-0.00292062	543.000	0.00100222
544.000	-0.00199715	544.000	0.000691717
545.000	-0.00359433	545.000	0.000476433
546.000	-0.00121810	546.000	0.00126576
547.000	0.00170348	547.000	0.00177948
548.000	-0.000480466	548.000	0.00201391
549.000	0.000752794	549.000	0.000607901
550.000	-0.00287779	550.000	-0.000685172
551.000	0.000168287	551.000	-0.000470961
552.000	-0.00427945	552.000	-0.000135933
553.000	-0.00337988	553.000	0.00113550
554.000	-0.00404833	554.000	0.00187854
555.000	-0.00218270	555.000	0.00205480
556.000	-0.00179631	556.000	0.00188130
557.000	-0.00142398	557.000	-0.000239399
558.000	-0.00194262	558.000	-0.000468096
559.000	0.000642378	559.000	-0.000988609
560.000	-0.00148492	560.000	-0.00110103
561.000	0.000101774	561.000	-0.000655609
562.000	0.000248276	562.000	-0.000720135
563.000	-0.00170031	563.000	0.000537327
564.000	0.000348556	564.000	0.000121765
565.000	-0.00513226	565.000	0.000423958
566.000	-0.00149971	566.000	0.00162181
567.000	0.00387271	567.000	-0.000706458
568.000	0.00533334	568.000	-0.00153822
569.000	0.000491740	569.000	-0.00124668
570.000	-0.00216780	570.000	-0.000365098
571.000	-0.00299058	571.000	0.000127464
572.000	-0.000787666	572.000	0.000584499
573.000	-0.00278082	573.000	0.00167142
574.000	-0.00440245	574.000	0.00119184
575.000	-0.00331367	575.000	0.000649221
576.000	-0.00327630	576.000	-0.000788730
577.000	-0.00412371	577.000	-0.00139426
578.000	-0.00552818	578.000	-0.00116292
579.000	-0.000869820	579.000	-0.000247053
580.000	0.00267649	580.000	-0.000343537
581.000	0.00286071	581.000	-0.000602026
582.000	0.00306258	582.000	-0.00142612
583.000	-0.00192116	583.000	-0.00169477
584.000	-0.00160692	584.000	-0.000979591
585.000	-0.00173191	585.000	2.57621e-05
586.000	-0.000696188	586.000	3.99349e-05
587.000	-0.000809710	587.000	0.000399422
588.000	-0.00215239	588.000	0.000672633
589.000	-0.00297488	589.000	0.00182603
590.000	-0.000438517	590.000	0.00219631
591.000	-0.00173625	591.000	0.000625688
592.000	-0.000653264	592.000	0.000623939
593.000	-0.00300198	593.000	-0.000412748
594.000	-0.00201052	594.000	0.00153083
595.000	-0.00295663	595.000	0.00105442
596.000	-0.00224130	596.000	0.00117258
597.000	-0.000229616	597.000	-0.000972357
598.000	-0.00216565	598.000	-0.000417286
599.000	-0.00364549	599.000	-6.11697e-05
600.000	-0.00522661	600.000	0.000849412
601.000	-0.00279235	601.000	-6.32077e-05
602.000	-0.00208877	602.000	-0.000741375
603.000	0.000864660	603.000	-0.000818802
604.000	-0.00180547	604.000	0.000112950
605.000	-0.000363870	605.000	-0.000368852
606.000	-0.00163321	606.000	-0.000527039
607.000	-0.00221588	607.000	-0.000653193
608.000	-0.00334958	608.000	0.00132928
609.000	-0.00196230	609.000	0.000516841
610.000	4.84038e-05	610.000	0.000345732
611.000	-0.000986451	611.000	0.00174165
612.000	-0.00403704	612.000	0.00166682
613.000	-0.00621193	613.000	0.000529722
614.000	-0.00438974	614.000	-1.22298e-05
615.000	-0.00353119	615.000	-0.000586268
616.000	-0.00159922	616.000	0.000387473
617.000	-0.00123125	617.000	0.000277787
618.000	0.00181094	618.000	0.000720179
619.000	-0.000452815	619.000	-0.000421011
620.000	1.79413e-05	620.000	-0.00141159
621.000	-0.00391804	621.000	-0.000573584
622.000	-0.00115917	622.000	8.64387e-05
623.000	-0.00161820	623.000	3.43917e-05
624.000	-0.000250071	624.000	-0.000924516
625.000	0.000188970	625.000	-7.38869e-05
626.000	0.00137216	626.000	0.000595373
627.000	-0.00211954	627.000	-0.000146809
628.000	-0.00348962	628.000	-0.000737341
629.000	-0.00231555	629.000	-0.000161264
630.000	-0.00188778	630.000	0.000259648
631.000	-0.00139121	631.000	0.000286991
632.000	-0.00288217	632.000	0.000179834
633.000	-0.00429751	633.000	-0.00105432
634.000	-0.00294353	634.000	-0.00147028
635.000	-0.000972305	635.000	-0.000300749
636.000	-0.00140595	636.000	-0.000611586
637.000	-0.000881280	637.000	-0.00121438
638.000	-0.00297518	638.000	-0.00194102
639.000	-0.00516291	639.000	-0.000438527
640.000	-0.00763091	640.000	0.00188990
641.000	-0.00591940	641.000	0.000871076
642.000	-0.00309661	642.000	-0.000272592
643.000	0.000402999	643.000	-0.00104593
644.000	-0.00191681	644.000	-0.000218077
645.000	-0.00218346	645.000	0.00113168
646.000	-0.00195540	646.000	1.23662e-05
647.000	-0.00115704	647.000	-0.000454332
648.000	-0.00148311	648.000	-0.000897720
649.000	-0.00194434	649.000	-0.00117926
650.000	-0.00193858	650.000	-0.000332825
651.000	-0.00209763	651.000	-0.000770657
652.000	-0.00328632	652.000	-0.000418331
653.000	-0.00317873	653.000	-0.00108375
654.000	-0.00275887	654.000	-0.000225222
655.000	-0.000570307	655.000	-0.00129875
656.000	-0.00143224	656.000	-3.45468e-05
657.000	0.000923527	657.000	-0.00204091
658.000	0.000486932	658.000	-0.000657285
659.000	-0.000581017	659.000	-0.00137994
660.000	-0.00226799	660.000	-0.000977712
661.000	-0.00345390	661.000	-0.000674098
662.000	-0.00319510	662.000	-3.97926e-05
663.000	-0.00547315	663.000	0.00157191
664.000	-0.00323456	664.000	-0.00136873
665.000	-0.00265916	665.000	-0.000725220
666.000	-0.00226270	666.000	-0.00321866
667.000	-0.00331181	667.000	-0.00125807
668.000	-0.00473247	668.000	-0.00150258
669.000	-0.00198768	669.000	-0.000654253
670.000	0.00114007	670.000	-0.00140035
671.000	0.000414018	671.000	-0.000931762
672.000	-0.000110013	672.000	-0.00109630
673.000	0.000643101	673.000	-0.00189040
674.000	0.000344695	674.000	0.000292747
675.000	-0.00356190	675.000	0.000874860
676.000	-0.00197268	676.000	0.000574571
677.000	-0.00294396	677.000	-0.00119751
678.000	-0.00308222	678.000	-0.00237115
679.000	-0.00225555	679.000	-0.00236939
680.000	-0.00149710	680.000	-0.00135044
681.000	0.000601229	681.000	-0.00154552
682.000	-0.00257872	682.000	-0.000340767
683.000	-0.00328305	683.000	-0.000921471
684.000	-0.00492509	684.000	-0.000715642
685.000	-0.00520428	685.000	0.00102175
686.000	-0.00277885	686.000	0.00109379
687.000	-0.00224512	687.000	0.000723937
688.000	-0.00222701	688.000	7.08351e-05
689.000	-0.00132460	689.000	-0.00100794
690.000	-0.00137976	690.000	-0.000138511
691.000	-0.000277384	691.000	-0.00129353
692.000	-0.000633355	692.000	-0.000308124
693.000	0.00139260	693.000	0.000662054
694.000	0.00203428	694.000	0.00131392
695.000	-0.000425076	695.000	0.00110138
696.000	-0.00203030	696.000	0.000463313
697.000	-0.00273046	697.000	0.00143307
698.000	-0.00136302	698.000	-0.00127299
699.000	-0.000881310	699.000	-0.00112670
700.000	0.00128939	700.000	-0.00127087
701.000	0.00106481	701.000	0.000357153
702.000	0.00141082	702.000	0.000396228
703.000	-0.00244674	703.000	3.37841e-05
704.000	-0.00120260	704.000	-2.09297e-06
705.000	0.000471584	705.000	-0.000911514
706.000	-0.000465999	706.000	-0.00154846
707.000	-0.00226762	707.000	-0.00135590
708.000	-0.00238241	708.000	-0.00133641
709.000	-0.00313779	709.000	-0.00325617
710.000	-0.00396626	710.000	-0.00358083
711.000	-0.00348432	711.000	-0.00228775
712.000	-0.00168537	712.000	-0.00198738
713.000	-0.00217468	713.000	0.000428276
714.000	-0.000759989	714.000	-0.00186199
715.000	-0.00194083	715.000	-0.00215562
716.000	-0.00128433	716.000	-0.00313827
717.000	-0.00262839	717.000	-0.00108572
718.000	-0.00180549	718.000	-0.00170975
719.000	-0.00202384	719.000	-0.00121686
720.000	-0.00172169	720.000	-0.00114436
721.000	-0.00345817	721.000	-0.00110598
722.000	-0.00239994	722.000	-0.00219375
723.000	-0.00225270	723.000	-0.00168945
724.000	-0.000638153	724.000	-0.000335991
725.000	-0.00221160	725.000	0.000201770
726.000	-0.00297335	726.000	-0.00223479
727.000	-0.00320604	727.000	-0.00153137
728.000	-0.000156679	728.000	-0.00337880
729.000	-0.00207750	729.000	-0.00141223
730.000	-0.00416398	730.000	-0.00252909
731.000	-0.00515039	731.000	-0.00127575
732.000	-0.00391810	732.000	-0.000287368
733.000	-0.00277412	733.000	-0.000940570
734.000	-0.00389899	734.000	-0.000588587
735.000	-0.00599935	735.000	-0.00269732
736.000	-0.00576275	736.000	-0.000872965
737.000	-0.00860621	737.000	-0.000110889
738.000	-0.00607959	738.000	-0.000304709
739.000	-0.00443194	739.000	0.000614715
740.000	-0.00279198	740.000	-0.000267541
741.000	-0.00788949	741.000	0.00111278
742.000	-0.00668533	742.000	0.000295545
743.000	-0.00480556	743.000	0.000122275
744.000	-0.00555059	744.000	3.62358e-05
745.000	-0.00432699	745.000	-0.000916548
746.000	-0.00530093	746.000	-0.000121869
747.000	-0.00783345	747.000	-0.000595024
748.000	-0.00374608	748.000	-0.00104864
749.000	-0.00562017	749.000	-0.00193793
750.000	-0.00675111	750.000	-0.00102185
751.000	-0.00579644	751.000	-0.000786544
752.000	-0.00492992	752.000	-0.00103627
753.000	-0.00348177	753.000	-0.00118358
754.000	-0.00600635	754.000	-0.00137676
755.000	-0.00364236	755.000	-0.00154552
756.000	-0.00739554	756.000	-0.00206344
757.000	-0.00905179	757.000	-0.00306857
758.000	-0.00947031	758.000	-0.00159324
759.000	-0.00962132	759.000	-0.00278451
760.000	-0.00782373	760.000	-0.00363011
761.000	-0.00554790	761.000	-0.00399817
762.000	-0.00696868	762.000	-0.00357705
763.000	-0.00526164	763.000	-0.00440558
764.000	-0.00725287	764.000	-0.00524775
765.000	-0.00686809	765.000	-0.00514725
766.000	-0.0106650	766.000	-0.00455359
767.000	-0.0121305	767.000	-0.00298726
768.000	-0.0136681	768.000	-0.000887137
769.000	-0.00910012	769.000	-0.00203765
770.000	-0.00455584	770.000	-0.00263819
771.000	-0.00645130	771.000	-0.00403315
772.000	-0.00912138	772.000	-0.00504543
773.000	-0.0104410	773.000	-0.00411614
774.000	-0.0104965	774.000	-0.00101102
775.000	-0.00734507	775.000	-0.00129180
776.000	-0.00449343	776.000	-0.00341890
777.000	-0.00473968	777.000	-0.00669328
778.000	-0.0106110	778.000	-0.00201067
779.000	-0.0148560	779.000	-0.000747410
780.000	-0.0105448	780.000	0.000479774
781.000	-0.00983344	781.000	-0.00434039
782.000	-0.00606002	782.000	-0.00320063
783.000	-0.00660892	783.000	-0.00466349
784.000	-0.00676671	784.000	-0.00266013
785.000	-0.00857363	785.000	-0.00183750
786.000	-0.00712946	786.000	-0.00282641
787.000	-0.0100152	787.000	-0.00257819
788.000	-0.00919029	788.000	-0.00671047
789.000	-0.00520757	789.000	-0.00599716
790.000	-0.00820579	790.000	-0.00502846
791.000	-0.0132246	791.000	-0.00260434
792.000	-0.0168812	792.000	-0.00263199
793.000	-0.0155175	793.000	-0.00386048
794.000	-0.0167288	794.000	-0.000832616
795.000	-0.0171810	795.000	0.00132815
796.000	-0.0141375	796.000	0.00153862
797.000	-0.00727675	797.000	-0.00329661
798.000	-0.00298844	798.000	-0.00425995
799.000	-0.00468595	799.000	-0.00653603
800.000	-0.0112078	800.000	-0.00461840
801.000	-0.0132276	801.000	-0.00424792
802.000	-0.0164006	802.000	-0.00443929
803.000	-0.0169206	803.000	-0.00329668
804.000	-0.0174806	804.000	-0.00340792
805.000	-0.0104990	805.000	-0.00365472
806.000	-0.0119440	806.000	-0.00280292
807.000	-0.00971422	807.000	-0.00551195
808.000	-0.0118608	808.000	-0.00584285
809.000	-0.0123311	809.000	-0.00826046
810.000	-0.00877088	810.000	-0.00899087
811.000	-0.0112752	811.000	-0.00819024
812.000	-0.00840562	812.000	-0.00630212
813.000	-0.0157969	813.000	-0.00511233
814.000	-0.0143115	814.000	-0.00518164
815.000	-0.0161632	815.000	-0.00287337
816.000	-0.0151915	816.000	-0.00354883
817.000	-0.0139973	817.000	-0.00171451
818.000	-0.0151985	818.000	-0.00303991
819.000	-0.0198013	819.000	-0.00408436
820.000	-0.0188466	820.000	-0.00345880
821.000	-0.0143358	821.000	-0.00377871
822.000	-0.0120440	822.000	-0.00561558
823.000	-0.0153430	823.000	-0.00906370
824.000	-0.0150381	824.000	-0.00952021
825.000	-0.0145417	825.000	-0.00808687
826.000	-0.0129731	826.000	-0.00260203
827.000	-0.0122423	827.000	-0.00332715
828.000	-0.0129052	828.000	-0.00496618
829.000	-0.00977584	829.000	-0.00555361
830.000	-0.0127996	830.000	-0.00479429
831.000	-0.00877212	831.000	-0.00553590
832.000	-0.0127961	832.000	-0.00601617
833.000	-0.00973085	833.000	-0.00633760
834.000	-0.00488021	834.000	-0.00680748
835.000	-0.00419144	835.000	-0.00540404
836.000	-0.00614346	836.000	-0.00642138
837.000	-0.00885149	837.000	-0.00429971
838.000	-0.00858285	838.000	-0.00330576
839.000	-0.0106161	839.000	0.000815957
840.000	-0.0132104	840.000	-0.000118528
841.000	-0.0128296	841.000	-0.00377167
842.000	-0.0170499	842.000	-0.00640193
843.000	-0.0154806	843.000	-0.00753890
844.000	-0.0163818	844.000	-0.00507087
845.000	-0.0149019	845.000	-0.00378330
846.000	-0.0162841	846.000	-0.00291911
847.000	-0.0172348	847.000	-0.00236372
848.000	-0.0177858	848.000	-0.00447002
849.000	-0.0146146	849.000	-0.00339915
850.000	-0.0148430	850.000	-0.00181562
851.000	-0.0137778	851.000	-0.00200373
852.000	-0.0142697	852.000	-0.00277622
853.000	-0.0132106	853.000	-0.00394169
854.000	-0.0141230	854.000	-0.00384291
855.000	-0.0189406	855.000	-0.00496845
856.000	-0.0187424	856.000	-0.00769259
857.000	-0.0194303	857.000	-0.00780377
858.000	-0.0213070	858.000	-0.00527906
859.000	-0.0210868	859.000	-0.00621922
860.000	-0.0166750	860.000	-0.00675410
861.000	-0.0171819	861.000	-0.00735860
862.000	-0.0180899	862.000	-0.00416614
863.000	-0.0229494	863.000	-0.00409910
864.000	-0.0232015	864.000	-0.00154084
865.000	-0.0242697	865.000	-0.00274602
866.000	-0.0195884	866.000	-0.00217059
867.000	-0.0152050	867.000	-0.00383269
868.000	-0.0189794	868.000	-0.00661294
869.000	-0.0188535	869.000	-0.00725606
870.000	-0.0233744	870.000	-0.00783053
871.000	-0.0270567	871.000	-0.00579195
872.000	-0.0273420	872.000	-0.00377198
873.000	-0.0206109	873.000	-0.00660542
874.000	-0.0140908	874.000	-0.00539490
875.000	-0.0113072	875.000	-0.00710546
876.000	-0.0114078	876.000	-0.00588423
877.000	-0.0190277	877.000	-0.00560068
878.000	-0.0215160	878.000	-0.00616286
879.000	-0.0243495	879.000	-0.00623740
880.000	-0.0241876	880.000	-0.00128492
881.000	-0.0196133	881.000	-0.000876745
882.000	-0.0173194	882.000	-0.000246481
883.000	-0.0215530	883.000	-0.00438347
884.000	-0.0227894	884.000	-0.00692146
885.000	-0.0247201	885.000	-0.00751296
886.000	-0.0208011	886.000	-0.00803043
887.000	-0.0230999	887.000	-0.00461649
888.000	-0.0137568	888.000	-0.00614394
889.000	-0.0177954	889.000	-0.00569006
890.000	-0.0159959	890.000	-0.00671218
891.000	-0.0210877	891.000	-0.00414848
892.000	-0.0235068	892.000	-0.00417035
893.000	-0.0249936	893.000	-0.00323194
894.000	-0.0210886	894.000	-0.00500601
895.000	-0.0195757	895.000	-0.00697736
896.000	-0.0202818	896.000	-0.00605292
897.000	-0.0247450	897.000	-0.00421863
898.000	-0.0211116	898.000	-0.00709598
899.000	-0.0189617	899.000	-0.00974738
900.000	-0.0187511	900.000	-0.00846035
901.000	-0.0202921	901.000	-0.0111680
902.000	-0.0201232	902.000	-0.00740174
903.000	-0.0152081	903.000	-0.00656272
904.000	-0.0142614	904.000	-0.00621327
905.000	-0.0193888	905.000	-0.00539398
906.000	-0.0171476	906.000	-0.00552360
907.000	-0.0173439	907.000	-0.00433242
908.000	-0.0137410	908.000	-0.00596432
909.000	-0.0196219	909.000	-0.00636667
910.000	-0.0186820	910.000	-0.00770819
911.000	-0.0229992	911.000	-0.00726462
912.000	-0.0173042	912.000	-0.00724871
913.000	-0.0129124	913.000	-0.00461886
914.000	-0.0114806	914.000	-0.00467574
915.000	-0.00845873	915.000	-0.00396766
916.000	-0.0102493	916.000	-0.00762225
917.000	-0.00971359	917.000	-0.0116373
918.000	-0.0136336	918.000	-0.00896049
919.000	-0.0134294	919.000	-0.00786146
920.000	-0.0168861	920.000	-0.00268962
921.000	-0.0201195	921.000	-0.00419802
922.000	-0.0187439	922.000	-0.00527816
923.000	-0.0209313	923.000	-0.00436993
924.000	-0.0172263	924.000	-0.00398176
925.000	-0.0154731	925.000	-0.00597170
926.000	-0.0143803	926.000	-0.00886532
927.000	-0.0190313	927.000	-0.00650750
928.000	-0.0181822	928.000	-0.00414028
929.000	-0.0184449	929.000	-0.00539805
930.000	-0.0209127	930.000	-0.00302295
931.000	-0.0208581	931.000	-0.00468465
932.000	-0.0202490	932.000	0.000215433
933.000	-0.0196187	933.000	-0.000941088
934.000	-0.0176397	934.000	-0.00336760
935.000	-0.0191330	935.000	-0.00421239
936.000	-0.0133085	936.000	-0.00515015
937.000	-0.0184421	937.000	-0.00120145
938.000	-0.0166543	938.000	-0.00121146
939.000	-0.0171757	939.000	-3.47563e-05
940.000	-0.0163594	940.000	-0.00424695
941.000	-0.0179981	941.000	-0.00390564
942.000	-0.0201855	942.000	-0.00451309
943.000	-0.0188461	943.000	-0.00172880
944.000	-0.0184043	944.000	-0.00420239
945.000	-0.0178084	945.000	-0.00302434
946.000	-0.0146349	946.000	-0.00737757
947.000	-0.0101205	947.000	-0.00512430
948.000	-0.0133815	948.000	-0.00515255
949.000	-0.0141518	949.000	1.31681e-05
950.000	-0.0158449	950.000	3.12963e-05
951.000	-0.0169443	951.000	-0.000378314
952.000	-0.0175602	952.000	-0.00270906
953.000	-0.0140344	953.000	-0.00472588
954.000	-0.0138094	954.000	-0.00245247
955.000	-0.0123374	955.000	-0.00238849
956.000	-0.0145797	956.000	-0.00120907
957.000	-0.0179379	957.000	-0.00231991
958.000	-0.0197290	958.000	-0.00460223
959.000	-0.0147331	959.000	-0.00537995
960.000	-0.0151723	960.000	-0.00422455
961.000	-0.0171003	961.000	-0.00306326
962.000	-0.0185106	962.000	-0.000311144
963.000	-0.0135833	963.000	-0.00199885
964.000	-0.0102484	964.000	-0.00564587
965.000	-0.00919149	965.000	-0.00693443
966.000	-0.0121235	966.000	-0.00553092
967.000	-0.0154094	967.000	-0.00418371
968.000	-0.0141185	968.000	-0.00451598
969.000	-0.0127089	969.000	-0.00357598
970.000	-0.0124487	970.000	-0.00292096
971.000	-0.0127534	971.000	-0.00228791
972.000	-0.00896923	972.000	-0.00360139
973.000	-0.00868810	973.000	-0.00430741
974.000	-0.0140753	974.000	-0.00338743
975.000	-0.0148493	975.000	-0.000892828
976.000	-0.0127166	976.000	-0.000112804
977.000	-0.00952495	977.000	-0.000613850
978.000	-0.00345067	978.000	-0.00189631
979.000	-0.00786283	979.000	-0.000466216
980.000	-0.00739840	980.000	-0.00211091
981.000	-0.0131884	981.000	-0.00110291
982.000	-0.0111316	982.000	-0.00301997
983.000	-0.00943905	983.000	-0.00360372
984.000	-0.0111883	984.000	-0.00335313
985.000	-0.0105345	985.000	-0.00268734
986.000	-0.0127531	986.000	-0.00221609
987.000	-0.00915205	987.000	-0.00277573
988.000	-0.0117687	988.000	-0.00182798
989.000	-0.0116997	989.000	0.000482992
990.000	-0.00770141	990.000	-0.000729608
991.000	-0.00946877	991.000	-0.000636109
992.000	-0.00849720	992.000	-0.00244313
993.000	-0.0118861	993.000	-0.00113121
994.000	-0.0100000	994.000	-0.00184856
995.000	-0.00698817	995.000	-0.00239648
996.000	-0.00375699	996.000	-0.00367843
997.000	-0.00295430	997.000	-0.00424285
998.000	-0.00323855	998.000	-0.00459459
999.000	-0.00238558	999.000	-0.00357201
1000.00	-0.00500847	1000.00	0.000791995
1001.00	-0.00718128	1001.00	-0.000351196
1002.00	-0.00970188	1002.00	0.000991656
1003.00	-0.00780769	1003.00	-0.000247830
1004.00	-0.00392166	1004.00	-0.000382481
1005.00	2.88175e-05	1005.00	-0.00384974
1006.00	-0.00341160	1006.00	-0.00376006
1007.00	-0.0102143	1007.00	-0.00266342
1008.00	-0.0108676	1008.00	-0.00139256
1009.00	-0.00986857	1009.00	-0.00159516
1010.00	-0.00781352	1010.00	-0.00224818
1011.00	-0.00773260	1011.00	-0.00296005
1012.00	-0.00710892	1012.00	-0.00277508
1013.00	-0.00484382	1013.00	-0.00226937
1014.00	-0.00169549	1014.00	-0.00126364
1015.00	-0.00292207	1015.00	-0.000259763
1016.00	-0.00661137	1016.00	-0.000909621
1017.00	-0.00324437	1017.00	-0.00121420
1018.00	-0.00617061	1018.00	-0.00126018
1019.00	-0.00366592	1019.00	-0.00168071
1020.00	-0.00242898	1020.00	-0.000211270
1021.00	-0.00156800	1021.00	-0.00168539
1022.00	-0.00260810	1022.00	-0.00144812
1023.00	-0.00595616	1023.00	-0.00145566
1024.00	-0.00457070	1024.00	-0.000925459
1025.00	-0.00322768	1025.00	-0.000243475
1026.00	-0.00514198	1026.00	-0.000342299
1027.00	-0.00385528	1027.00	0.00134512
1028.00	-0.00534874	1028.00	0.00190348
1029.00	-0.00378914	1029.00	0.00126819
1030.00	-0.00523142	1030.00	0.000718626
1031.00	-0.00748110	1031.00	0.000844254
1032.00	-0.00747990	1032.00	-0.00225624
1033.00	-0.00169465	1033.00	-0.00248428
1034.00	-0.000765131	1034.00	-0.00216575
1035.00	-0.000286304	1035.00	-0.000520661
1036.00	-0.00292598	1036.00	4.48485e-06
1037.00	-0.00208800	1037.00	0.000547939
1038.00	-0.00481525	1038.00	0.000285728
1039.00	-0.00235274	1039.00	-0.000708837
1040.00	-0.00262693	1040.00	-0.00207312
1041.00	-0.00312570	1041.00	-0.00133401
1042.00	-0.00378698	1042.00	-0.000574490
1043.00	-0.00538377	1043.00	-0.000222136
1044.00	-0.00415247	1044.00	-0.000296627
1045.00	-0.00322230	1045.00	-0.000154002
1046.00	-0.000713384	1046.00	-0.000970112
1047.00	-0.000508971	1047.00	0.000447220
1048.00	0.000162210	1048.00	-1.78164e-05
1049.00	-0.000288964	1049.00	-0.000670277
1050.00	8.74394e-05	1050.00	-0.00192817
1051.00	-0.00285700	1051.00	-0.00269418
1052.00	-0.00121692	1052.00	-0.00185345
1053.00	-0.00292057	1053.00	-2.64185e-05
1054.00	-0.00186043	1054.00	0.00107672
1055.00	-0.00244605	1055.00	0.00113442
1056.00	-0.000747324	1056.00	0.000717448
1057.00	-0.00124137	1057.00	-0.000512984
1058.00	-0.000454843	1058.00	-0.000558913
1059.00	-0.000850045	1059.00	-0.00201502
1060.00	-0.000437878	1060.00	-0.00175602
1061.00	-8.62469e-05	1061.00	-0.00156374
1062.00	0.00191709	1062.00	0.000439232
1063.00	-0.000870961	1063.00	-0.000419084
1064.00	-0.000737824	1064.00	-0.000643356
1065.00	-0.000113439	1065.00	-0.00165755
1066.00	0.000267368	1066.00	-0.00167830
1067.00	-0.000275870	1067.00	0.000169145
1068.00	-0.000424754	1068.00	0.000226462
1069.00	-0.00218060	1069.00	0.000442855
1070.00	-0.00130661	1070.00	-0.00145546
1071.00	0.00152804	1071.00	-0.000282587
1072.00	0.00278802	1072.00	-0.000715758
1073.00	0.00306167	1073.00	-0.000612335
1074.00	-1.56317e-05	1074.00	-0.000596851
1075.00	-0.000886478	1075.00	-0.000529828
1076.00	2.04793e-05	1076.00	-0.000189195
1077.00	-0.00228617	1077.00	-0.000263260
1078.00	0.000418235	1078.00	-0.000630144
1079.00	0.000710544	1079.00	-0.000951256
1080.00	-0.00182528	1080.00	-9.70938e-05
1081.00	-0.00187753	1081.00	-0.00169782
1082.00	-0.00280181	1082.00	0.000989155
1083.00	-0.000281082	1083.00	-0.00106116
1084.00	-0.00199293	1084.00	-0.000449578
1085.00	0.000345543	1085.00	-0.000517193
1086.00	-0.00150800	1086.00	0.00142331
1087.00	-0.000211960	1087.00	0.00244673
1088.00	-0.000117511	1088.00	0.00202056
1089.00	0.000686943	1089.00	0.00176227
1090.00	0.000869622	1090.00	-3.23705e-06
1091.00	-0.00122860	1091.00	-0.000557214
1092.00	-0.00117359	1092.00	-0.00118774
1093.00	-0.000668089	1093.00	-0.00138533
1094.00	-0.000819554	1094.00	-0.00124376
1095.00	-0.00125469	1095.00	-0.00122390
1096.00	-0.000970024	1096.00	0.000392763
1097.00	0.000624276	1097.00	0.000708199
1098.00	3.67979e-05	1098.00	0.000222853
1099.00	6.90738e-06	1099.00	-0.000251172
1100.00	-0.000112156	1100.00	-0.00114885
1101.00	0.000182167	1101.00	-0.000429097
1102.00	0.00154860	1102.00	-0.000852849
1103.00	0.00149916	1103.00	-0.00108145
1104.00	-7.94345e-05	1104.00	-0.000762582
1105.00	0.000315188	1105.00	0.000707930
1106.00	-0.000494819	1106.00	-0.000460327
1107.00	-0.000464331	1107.00	8.13536e-05
1108.00	0.000110111	1108.00	-0.000616346
1109.00	0.00240337	1109.00	-0.000440165
1110.00	0.00387624	1110.00	0.000971462
1111.00	0.00183665	1111.00	-0.00112879
1112.00	-0.00147049	1112.00	-0.00148914
1113.00	-0.00385697	1113.00	-0.00206317
1114.00	-0.00400355	1114.00	-0.00135806
1115.00	0.000216588	1115.00	-0.00112843
1116.00	0.00185929	1116.00	-0.00162257
1117.00	0.00278227	1117.00	-0.000658794
1118.00	0.00160052	1118.00	-0.000761394
1119.00	0.000989310	1119.00	0.000204758
1120.00	-0.000649084	1120.00	-0.000467232
1121.00	-0.00145680	1121.00	0.000237974
1122.00	-0.00182213	1122.00	0.000568612
1123.00	0.00209076	1123.00	0.000474630
1124.00	-0.000628483	1124.00	-4.85446e-05
1125.00	0.00149614	1125.00	0.000361738
1126.00	-0.000447261	1126.00	0.000663239
1127.00	3.18894e-05	1127.00	0.000999996
1128.00	-0.000698221	1128.00	0.000853488
1129.00	-0.00266746	1129.00	-0.000783830
1130.00	-0.000251296	1130.00	-0.000774413
1131.00	-0.000195571	1131.00	-0.00101573
1132.00	6.80890e-05	1132.00	-0.000530512
1133.00	0.000334682	1133.00	-0.000428433
1134.00	0.000276626	1134.00	-0.000681639
1135.00	0.00218218	1135.00	-0.000894812
1136.00	-0.000735212	1136.00	-0.00146134
1137.00	-0.000723064	1137.00	-0.000959598
1138.00	-0.00176096	1138.00	-0.000519267
1139.00	-0.000616172	1139.00	0.000522312
1140.00	-0.000946531	1140.00	0.00167980
1141.00	-0.00168350	1141.00	0.00163200
1142.00	-0.000727124	1142.00	0.000423912
1143.00	0.000300237	1143.00	-0.000222882
1144.00	-2.52866e-05	1144.00	-0.000515172
1145.00	-0.000437784	1145.00	0.000283067
1146.00	-0.00159158	1146.00	0.000218475
1147.00	-0.00195151	1147.00	-0.000177487
1148.00	-0.00211973	1148.00	-0.000198008
1149.00	-0.00292356	1149.00	0.000416374
1150.00	-0.00168975	1150.00	-4.69997e-05
1151.00	-0.00308157	1151.00	5.36732e-05
1152.00	-0.00255765	1152.00	-0.000211943
1153.00	-0.00232508	1153.00	0.000196603
1154.00	-0.000943144	1154.00	0.000659079
1155.00	0.000384070	1155.00	0.00108605
1156.00	0.00135217	1156.00	0.000931042
1157.00	-0.00107609	1157.00	0.00137090
1158.00	-0.00137594	1158.00	0.000603029
1159.00	-0.00293703	1159.00	-0.000211011
1160.00	-0.00173672	1160.00	-0.000853455
1161.00	-0.00103782	1161.00	-0.000643931
1162.00	-8.21639e-05	1162.00	-0.000528246
1163.00	-0.000444880	1163.00	0.000156882
1164.00	-0.00141250	1164.00	-0.000170340
1165.00	-0.00136015	1165.00	0.000255310
1166.00	-0.00103559	1166.00	-0.000338081
1167.00	-0.00273486	1167.00	4.52446e-05
1168.00	-0.00112724	1168.00	-0.00171076
1169.00	-0.00103551	1169.00	-0.00179866
1170.00	0.000992697	1170.00	-0.00148292
1171.00	-0.000659464	1171.00	-0.00105386
1172.00	0.00126033	1172.00	-0.00114159
1173.00	0.000543129	1173.00	-0.000850886
1174.00	0.000625659	1174.00	0.000289844
1175.00	0.00124476	1175.00	0.000291793
1176.00	0.00100673	1176.00	7.22382e-05
1177.00	0.00183223	1177.00	-0.00104863
1178.00	-0.00113062	1178.00	-0.000895789
1179.00	-0.00196373	1179.00	-0.00148059
1180.00	-0.00371076	1180.00	-0.000534911
1181.00	-0.00149124	1181.00	-0.000792222
1182.00	-0.000909432	1182.00	9.83676e-05
1183.00	-0.00191156	1183.00	0.000103232
1184.00	-0.00219193	1184.00	0.00208128
1185.00	-0.000725150	1185.00	0.00132536
1186.00	-3.68417e-05	1186.00	-0.000134426
1187.00	0.000156709	1187.00	-0.000788830
1188.00	-0.000783795	1188.00	-0.00104263
1189.00	-0.00200492	1189.00	-0.000272748
1190.00	-0.00426279	1190.00	0.00115939
1191.00	-0.00355114	1191.00	0.00140308
1192.00	-0.00185758	1192.00	0.00133820
1193.00	0.00128424	1193.00	0.000523543
1194.00	0.00159169	1194.00	-4.65381e-05
1195.00	0.00128022	1195.00	-0.000137729
1196.00	-0.000396219	1196.00	0.000164330
1197.00	9.61659e-05	1197.00	-0.000280445
1198.00	-0.00101552	1198.00	0.000712778
1199.00	-0.000359813	1199.00	-2.31965e-05
1200.00	0.00171558	1200.00	-0.000231536
1201.00	0.00228110	1201.00	-0.00222403
1202.00	0.00228030	1202.00	-0.00193103
1203.00	0.00178040	1203.00	-0.000926579
1204.00	0.000920377	1204.00	0.000464968
1205.00	0.00166981	1205.00	0.000658446
1206.00	0.00101790	1206.00	2.83137e-05
1207.00	0.000567407	1207.00	-0.000587686
1208.00	0.000609003	1208.00	-0.000513027
1209.00	0.000280424	1209.00	-0.000383868
1210.00	0.00113251	1210.00	-0.00124783
1211.00	-0.000457033	1211.00	-0.00101370
1212.00	-0.00163863	1212.00	-0.00155848
1213.00	-0.00198205	1213.00	-0.00138387
1214.00	-0.000800707	1214.00	-0.00128811
1215.00	-0.00121579	1215.00	0.000235421
1216.00	-0.00293291	1216.00	0.000516788
1217.00	-0.000922211	1217.00	0.00103702
1218.00	-0.000682110	1218.00	0.000897843
1219.00	0.000368723	1219.00	0.00138986
1220.00	0.000568349	1220.00	0.00118227
1221.00	0.000628993	1221.00	0.000337229
1222.00	0.00199529	1222.00	0.000764383
1223.00	-0.000296863	1223.00	-0.000837647
1224.00	0.000396293	1224.00	0.000105358
1225.00	0.000704553	1225.00	-0.000120780
1226.00	0.00158024	1226.00	0.000662568
1227.00	0.00220617	1227.00	-8.40554e-05
1228.00	0.000963437	1228.00	1.06346e-06
1229.00	-0.00200418	1229.00	0.000360181
1230.00	-0.000737564	1230.00	-7.88322e-05
1231.00	-0.000990622	1231.00	0.000485175
1232.00	-1.16599e-05	1232.00	0.000266931
1233.00	0.00145817	1233.00	-0.000515578
1234.00	0.000347512	1234.00	-0.00118201
1235.00	0.00177140	1235.00	-0.00127958
1236.00	0.000543715	1236.00	-0.000882765
1237.00	0.00138575	1237.00	-0.00107111
1238.00	0.00151026	1238.00	-0.00133590
1239.00	0.000172544	1239.00	-6.91162e-05
1240.00	9.59390e-05	1240.00	0.00136145
1241.00	0.00124688	1241.00	0.000781954
1242.00	0.000948806	1242.00	0.000175665
1243.00	-0.000858070	1243.00	-0.000310226
1244.00	-0.00132130	1244.00	4.00905e-05
1245.00	-0.000274416	1245.00	0.000288148
1246.00	0.000466394	1246.00	0.000110244
1247.00	0.000825554	1247.00	-0.000530251
1248.00	0.000335228	1248.00	-0.00164663
1249.00	3.06484e-05	1249.00	-0.00118671
1250.00	0.00141475	1250.00	-0.000294442
1251.00	0.00205152	1251.00	-0.000630760
1252.00	0.00351836	1252.00	-0.000792392
1253.00	0.00278403	1253.00	-0.000413717
1254.00	0.000986652	1254.00	6.34988e-05
1255.00	0.000436297	1255.00	-0.000227885
1256.00	0.00136718	1256.00	-0.000356235
1257.00	0.00102832	1257.00	-0.00113729
1258.00	0.00134035	1258.00	-0.00136034
1259.00	5.07972e-05	1259.00	-0.00168351
1260.00	-0.000105482	1260.00	-0.000926748
1261.00	-0.000935520	1261.00	0.00138414
1262.00	0.00296281	1262.00	0.000135828
1263.00	0.000485342	1263.00	-0.000419826
1264.00	-0.000351096	1264.00	-0.00133738
1265.00	-0.00338801	1265.00	-0.00121462
1266.00	-0.000893889	1266.00	-9.72084e-05
1267.00	-0.000523995	1267.00	-0.000313541
1268.00	-0.000204685	1268.00	-0.000314988
1269.00	0.000375115	1269.00	-0.00112349
1270.00	-0.000758381	1270.00	3.45948e-05
1271.00	-0.00241143	1271.00	0.000640013
1272.00	-0.00220609	1272.00	0.000214747
1273.00	-0.00211608	1273.00	-0.000583555
1274.00	-0.00151638	1274.00	0.000151314
1275.00	-0.00141536	1275.00	0.000872050
1276.00	0.00167726	1276.00	0.000825377
1277.00	0.00346782	1277.00	7.47017e-05
1278.00	0.00161230	1278.00	0.000905555
1279.00	0.00130946	1279.00	-8.74845e-08
1280.00	-0.000468588	1280.00	0.000955139
1281.00	0.00124258	1281.00	0.000581278
1282.00	0.00145843	1282.00	0.00105644
1283.00	0.00153366	1283.00	0.000294611
1284.00	0.000941107	1284.00	0.000911343
1285.00	-0.000739306	1285.00	0.00156535
1286.00	0.000308466	1286.00	0.00222948
1287.00	0.00149370	1287.00	0.00214041
1288.00	-0.000838340	1288.00	0.00268286
1289.00	0.000218863	1289.00	0.00225796
1290.00	0.000522529	1290.00	0.000980693
1291.00	-0.000671094	1291.00	-0.000988597
1292.00	-0.00183825	1292.00	-0.000250425
1293.00	-0.00114037	1293.00	-0.000113279
1294.00	0.000254310	1294.00	-0.000437547
1295.00	0.00145465	1295.00	-0.00125206
1296.00	-0.000140292	1296.00	-0.00164769
1297.00	-0.000713227	1297.00	-0.00146323
1298.00	8.85889e-05	1298.00	-0.000753140
1299.00	-0.00100286	1299.00	0.00112014
1300.00	-0.00215192	1300.00	0.000122597
1301.00	-0.000836828	1301.00	-0.000891237
1302.00	-0.000989026	1302.00	-0.00167376
1303.00	0.00143107	1303.00	-0.00102980
1304.00	-0.000494252	1304.00	-0.000876391
1305.00	0.00177868	1305.00	-0.000440050
1306.00	-0.00171633	1306.00	0.000967146
1307.00	-0.000388302	1307.00	0.00158759
1308.00	-0.00101473	1308.00	0.000932691
1309.00	-0.00128010	1309.00	-0.000190510
1310.00	-0.00199117	1310.00	-0.000652340
1311.00	-0.00259045	1311.00	-0.000690284
1312.00	-0.000861756	1312.00	-0.000373924
1313.00	-0.000739150	1313.00	-0.000340552
1314.00	0.00111934	1314.00	-0.00144981
1315.00	0.000400173	1315.00	-0.00203894
1316.00	0.00282803	1316.00	-0.00181766
1317.00	0.000945844	1317.00	-0.000599388
1318.00	-0.000178061	1318.00	-0.000477003
1319.00	-0.00201289	1319.00	0.000224993
1320.00	-0.000358669	1320.00	4.15774e-05
1321.00	-0.000362224	1321.00	0.000990093
1322.00	-0.000825869	1322.00	0.00136877
1323.00	-0.000483647	1323.00	0.000864712
1324.00	-4.31400e-05	1324.00	0.000436506
1325.00	0.00182754	1325.00	-0.000674080
1326.00	0.00231350	1326.00	-0.000131715
1327.00	0.00191121	1327.00	0.000358258
1328.00	0.000485420	1328.00	0.000265734
1329.00	-0.000392156	1329.00	0.000895704
1330.00	0.000946828	1330.00	5.44276e-05
1331.00	0.00393722	1331.00	-0.000328788
1332.00	0.00309867	1332.00	-0.00127359
1333.00	0.00303111	1333.00	-0.00128144
1334.00	0.000162977	1334.00	-0.00131067
1335.00	-0.000855069	1335.00	-0.000209644
1336.00	-0.00382164	1336.00	-0.000417945
1337.00	-0.00286757	1337.00	-0.000347327
1338.00	-0.00334470	1338.00	-0.00164204
1339.00	-0.00377136	1339.00	-0.000745765
1340.00	-0.00202488	1340.00	-0.00168488
1341.00	0.00109084	1341.00	-0.000875705
1342.00	0.00404065	1342.00	-0.00169641
1343.00	0.00265389	1343.00	-0.00173355
1344.00	0.000693827	1344.00	-0.00168563
1345.00	0.000197432	1345.00	-0.00119937
1346.00	-0.000206749	1346.00	-0.000583372
1347.00	-0.000539265	1347.00	0.000950044
1348.00	-0.000618548	1348.00	0.00116999
1349.00	-0.000587884	1349.00	0.000390245
1350.00	0.000439730	1350.00	-0.000294853
1351.00	-0.00206270	1351.00	-0.000886274
1352.00	-0.00140800	1352.00	-0.000104200
1353.00	-0.000494011	1353.00	0.000192570
1354.00	0.000226035	1354.00	-0.000371281
1355.00	0.000886697	1355.00	-0.00138811
1356.00	-0.000400187	1356.00	-0.00151135
1357.00	-0.00104992	1357.00	-0.000280219
1358.00	-0.00110365	1358.00	0.000332532
1359.00	0.000722172	1359.00	0.000531363
1360.00	-0.000321509	1360.00	0.00108949
1361.00	-0.00125363	1361.00	0.000729130
1362.00	-0.00290708	1362.00	0.00119370
1363.00	-0.00473642	1363.00	9.89378e-05
1364.00	-0.00291810	1364.00	0.00111589
1365.00	5.63681e-06	1365.00	0.000291819
1366.00	0.000445256	1366.00	-0.000916552
1367.00	0.000125112	1367.00	-0.000949075
1368.00	-0.000388849	1368.00	-0.00170098
1369.00	-0.00101862	1369.00	-0.000767038
1370.00	-0.00149882	1370.00	-0.00127915
1371.00	-0.00182457	1371.00	-0.000880231
1372.00	-0.000922453	1372.00	-0.00141873
1373.00	-0.000257738	1373.00	-0.00113529
1374.00	0.000568111	1374.00	-0.000902184
1375.00	-0.000187180	1375.00	0.000772653
1376.00	0.00198611	1376.00	0.00160169
1377.00	0.00156100	1377.00	0.00170575
1378.00	0.00159419	1378.00	0.00165012
1379.00	0.000293929	1379.00	0.00157077
1380.00	-0.000154876	1380.00	0.00181340
1381.00	0.000121126	1381.00	0.00158344
1382.00	-0.00287044	1382.00	0.000926076
1383.00	-0.00186999	1383.00	0.000585273
1384.00	-0.000867443	1384.00	-0.000836017
1385.00	-0.000242696	1385.00	0.000144532
1386.00	-0.000575001	1386.00	-0.000395357
1387.00	-0.00305278	1387.00	-0.000117677
1388.00	-0.000880053	1388.00	-0.00162186
1389.00	-0.00169038	1389.00	-0.000526601
1390.00	-0.00214062	1390.00	-0.000334503
1391.00	0.000814443	1391.00	0.000218318
1392.00	0.00378019	1392.00	-0.000183924
1393.00	0.00428488	1393.00	0.000482486
1394.00	0.00249003	1394.00	-0.000323602
1395.00	0.00119591	1395.00	-0.000349969
1396.00	0.000765574	1396.00	-0.000266033
1397.00	-0.000429738	1397.00	-0.000891455
1398.00	-0.000436952	1398.00	0.000110745
1399.00	-0.000643905	1399.00	-0.000142811
1400.00	-0.00127754	1400.00	-0.000183071
1401.00	-0.00167056	1401.00	-0.00125835
1402.00	-0.00146034	1402.00	-0.00134915
1403.00	0.000340235	1403.00	-0.00195458
1404.00	0.000143614	1404.00	-0.000583014
1405.00	0.00125817	1405.00	-0.000823911
1406.00	0.000549148	1406.00	-0.000347340
1407.00	0.00104057	1407.00	0.000797691
1408.00	0.000438951	1408.00	0.00146807
1409.00	0.00139754	1409.00	0.00163951
1410.00	0.00228439	1410.00	0.000340876
1411.00	0.00205657	1411.00	-0.000481461
1412.00	0.00279654	1412.00	-0.000801206
1413.00	0.000735229	1413.00	0.000689259
1414.00	0.000459632	1414.00	8.15853e-05
1415.00	-0.00151893	1415.00	0.00162915
1416.00	1.52603e-06	1416.00	0.000600307
1417.00	-0.000480263	1417.00	0.000559632
1418.00	-0.000562612	1418.00	-0.000819397
1419.00	0.000332051	1419.00	-0.000439935
1420.00	0.000511906	1420.00	-4.18151e-05
1421.00	0.00169206	1421.00	0.000599842
1422.00	0.00329653	1422.00	-0.000452822
1423.00	0.00289504	1423.00	-0.00176981
1424.00	0.00152553	1424.00	-0.00224753
1425.00	7.55885e-06	1425.00	-0.000918594
1426.00	-0.000459236	1426.00	-0.000351956
1427.00	-0.000241716	1427.00	0.000456846
1428.00	-0.000608409	1428.00	0.000354583
1429.00	-0.00156205	1429.00	0.000498165
1430.00	-0.00181802	1430.00	0.000444361
1431.00	-0.000631171	1431.00	0.000326446
1432.00	-6.20357e-05	1432.00	-0.000374323
1433.00	0.000304919	1433.00	-0.000457708
1434.00	-0.00141098	1434.00	6.67351e-05
1435.00	-0.000746173	1435.00	0.000773779
1436.00	-9.04347e-05	1436.00	0.00100307
1437.00	0.000640045	1437.00	0.000700852
1438.00	0.000987890	1438.00	-0.000373075
1439.00	0.000130385	1439.00	-0.00115206
1440.00	0.00125047	1440.00	1.57059e-05
1441.00	-0.000238863	1441.00	0.000846903
1442.00	-0.00155860	1442.00	0.00155363
1443.00	-0.000273382	1443.00	0.000614316
1444.00	0.00177375	1444.00	-0.000457185
1445.00	-0.000877644	1445.00	-0.000585490
1446.00	-0.00112048	1446.00	-0.000375346
1447.00	-0.00155005	1447.00	9.12836e-05
1448.00	-0.000479246	1448.00	6.29189e-05
1449.00	9.45246e-05	1449.00	5.57474e-05
1450.00	0.00107501	1450.00	-0.000110723
1451.00	0.000834562	1451.00	-0.000581608
1452.00	0.00147496	1452.00	-0.000642843
1453.00	0.000489160	1453.00	0.000547609
1454.00	0.00201490	1454.00	-0.000464761
1455.00	0.00147033	1455.00	0.000401498
1456.00	0.00120450	1456.00	-0.00143176
1457.00	0.00128532	1457.00	-0.00106637
1458.00	-0.000568228	1458.00	-0.00214164
1459.00	-0.000423299	1459.00	-0.00201406
1460.00	0.000664226	1460.00	-0.00148486
1461.00	0.00175458	1461.00	-0.00182008
1462.00	0.00235319	1462.00	-0.00193304
1463.00	0.00185719	1463.00	-0.00245653
1464.00	0.00111160	1464.00	-0.00158900
1465.00	0.00223523	1465.00	-0.000499504
1466.00	0.00123082	1466.00	-0.000317504
1467.00	0.00200645	1467.00	0.000113638
1468.00	0.00131301	1468.00	-0.000395534
1469.00	-0.000464020	1469.00	-0.00187379
1470.00	-0.000549834	1470.00	-0.000834060
1471.00	0.000350364	1471.00	-0.00108327
1472.00	0.00283649	1472.00	-0.00115450
1473.00	0.00555967	1473.00	-0.00265523
1474.00	0.00204965	1474.00	-0.00258233
1475.00	-0.000139866	1475.00	-0.00228944
1476.00	0.000160298	1476.00	-0.00292033
1477.00	0.00191964	1477.00	-0.00204641
1478.00	0.00246020	1478.00	-0.00146788
1479.00	-0.000546248	1479.00	-0.00128992
1480.00	-0.00114379	1480.00	-0.000632911
1481.00	-0.000183392	1481.00	-0.000818302
1482.00	0.000493563	1482.00	-0.000253819
1483.00	-0.000994419	1483.00	0.000679495
1484.00	-0.00260285	1484.00	0.000195730
1485.00	-0.000464774	1485.00	-0.000699345
1486.00	-0.000374347	1486.00	-0.000231476
1487.00	-0.00172896	1487.00	-0.000324615
1488.00	-0.00342009	1488.00	0.000282921
1489.00	-0.00209135	1489.00	0.000427086
1490.00	0.00196116	1490.00	-4.27064e-05
1491.00	0.00322677	1491.00	-0.000297117
1492.00	0.00146894	1492.00	-0.00110193
1493.00	-0.000256894	1493.00	-0.00104369
1494.00	-0.00173259	1494.00	-0.00145396
1495.00	0.000898434	1495.00	0.000524504
1496.00	0.00108228	1496.00	0.00106075
1497.00	0.000864493	1497.00	-0.000211820
1498.00	-0.000827139	1498.00	-0.000353132
1499.00	-0.00177705	1499.00	-0.00118189
1500.00	-0.00250517	1500.00	-0.000140601
1501.00	-0.000499588	1501.00	-0.000814814
1502.00	-0.000462448	1502.00	-0.00123623
1503.00	0.000142735	1503.00	-0.00166302
1504.00	0.000539336	1504.00	-0.000631609
1505.00	0.00188916	1505.00	-0.000363894
1506.00	0.00106788	1506.00	-0.000139928
1507.00	0.000492037	1507.00	-0.000133651
1508.00	0.00171843	1508.00	-0.000676585
1509.00	0.00181459	1509.00	-0.000534655
1510.00	-0.000302339	1510.00	-0.000342384
1511.00	0.000763374	1511.00	-0.000114800
1512.00	0.000686689	1512.00	6.16473e-05
1513.00	0.00159952	1513.00	0.000278155
1514.00	0.000474127	1514.00	9.55503e-05
1515.00	-0.000624066	1515.00	-0.000683289
1516.00	-0.00132974	1516.00	6.49470e-07
1517.00	-0.000736424	1517.00	0.000104250
1518.00	-0.000713752	1518.00	0.000534245
1519.00	-0.00121147	1519.00	0.000734147
1520.00	-0.000213961	1520.00	0.000460463
1521.00	0.000889272	1521.00	-0.000310323
1522.00	0.00360491	1522.00	-0.000843474
1523.00	-0.000561135	1523.00	-1.10081e-05
1524.00	-0.00139618	1524.00	0.000328178
1525.00	-0.00293871	1525.00	0.000157644
1526.00	-0.00128170	1526.00	-6.31583e-05
1527.00	-0.00192258	1527.00	0.000125826
1528.00	-0.00232157	1528.00	0.000522111
1529.00	-0.00269240	1529.00	0.000352818
1530.00	-0.000566740	1530.00	0.000217748
1531.00	0.00181216	1531.00	0.000921880
1532.00	0.00186906	1532.00	0.00137478
1533.00	0.000469909	1533.00	0.00181645
1534.00	-0.000342594	1534.00	-0.00105792
1535.00	0.00220998	1535.00	-0.00101326
1536.00	0.000341184	1536.00	-0.00162789
1537.00	-0.00327170	1537.00	-0.000444364
1538.00	-0.00394060	1538.00	-0.00103761
1539.00	-0.00412179	1539.00	-0.000114345
1540.00	-0.00298837	1540.00	-0.000324789
1541.00	-0.00339900	1541.00	-0.000614285
1542.00	-0.00315074	1542.00	-0.000202771
1543.00	-0.00170417	1543.00	0.000590604
1544.00	-0.00108122	1544.00	0.00155113
1545.00	-0.000463087	1545.00	0.000591255
1546.00	0.00195155	1546.00	8.51994e-05
1547.00	0.00213847	1547.00	-0.000243273
1548.00	0.00256463	1548.00	-0.000441850
1549.00	0.00127021	1549.00	0.000358886
1550.00	0.00117012	1550.00	0.000234379
1551.00	-0.000475059	1551.00	0.00102196
1552.00	-0.000281512	1552.00	-0.000446792
1553.00	0.000385434	1553.00	4.28794e-05
1554.00	-0.000369876	1554.00	0.000723131
1555.00	-0.00147629	1555.00	0.000474177
1556.00	-0.000326859	1556.00	0.000910550
1557.00	0.000159520	1557.00	0.000569631
1558.00	0.000315020	1558.00	-0.000266527
1559.00	3.21318e-05	1559.00	-0.000497530
1560.00	-0.000669410	1560.00	-0.000352425
1561.00	0.00228700	1561.00	-0.000763439
1562.00	0.00267510	1562.00	0.000525125
1563.00	0.000467793	1563.00	0.000225259
1564.00	0.000993823	1564.00	0.00107635
1565.00	-0.000843326	1565.00	0.000947711
1566.00	0.00116321	1566.00	0.000224479
1567.00	8.78240e-05	1567.00	0.000278841
1568.00	0.000148708	1568.00	-3.57881e-05
1569.00	-0.00135929	1569.00	0.000423098
1570.00	-0.00163665	1570.00	0.000861173
1571.00	-0.00166138	1571.00	0.000716148
1572.00	-0.000153490	1572.00	0.000317534
1573.00	-0.000912805	1573.00	-0.000221268
1574.00	0.00202165	1574.00	-0.000725300
1575.00	0.00238783	1575.00	-0.000271910
1576.00	0.00378027	1576.00	0.000562069
1577.00	0.00335437	1577.00	0.00119002
1578.00	0.00376711	1578.00	0.000415942
1579.00	0.00100511	1579.00	-0.000135369
1580.00	-0.000431921	1580.00	-0.000321711
1581.00	-0.00159905	1581.00	0.000207433
1582.00	-0.00116191	1582.00	0.000289437
1583.00	-0.00153369	1583.00	0.000517028
1584.00	-0.00239659	1584.00	0.000495446
1585.00	-0.00269463	1585.00	0.000815864
1586.00	-0.00239406	1586.00	0.00152222
1587.00	-0.00127091	1587.00	0.00200710
1588.00	-0.00105812	1588.00	0.00210345
1589.00	-0.00120517	1589.00	0.00163605
1590.00	-0.00158752	1590.00	0.000794244
1591.00	-0.00217674	1591.00	0.000501905
1592.00	-0.000295757	1592.00	0.000151039
1593.00	0.000824340	1593.00	0.000284261
1594.00	0.00146232	1594.00	0.000480296
1595.00	0.000388439	1595.00	0.000758678
1596.00	-0.000283352	1596.00	0.00109595
1597.00	-2.53719e-05	1597.00	0.000750520
1598.00	0.000108774	1598.00	0.000231423
1599.00	0.00103233	1599.00	-0.000825000
1600.00	0.00261697	1600.00	-0.000760706
1601.00	0.00223742	1601.00	-0.00158699
1602.00	0.00130112	1602.00	-0.00107636
1603.00	0.000662745	1603.00	-0.000926789
1604.00	-0.00111177	1604.00	0.000114986
1605.00	-0.00169726	1605.00	0.000384951
1606.00	-0.00204104	1606.00	0.00124755
1607.00	-0.00111813	1607.00	0.00165103
1608.00	5.09165e-06	1608.00	0.00152398
1609.00	0.00224458	1609.00	0.000930718
1610.00	0.00351017	1610.00	-0.000130268
1611.00	0.00311099	1611.00	-0.000349625
1612.00	0.00154668	1612.00	-0.000319974
1613.00	0.000381445	1613.00	-0.000590727
1614.00	3.44115e-06	1614.00	-0.000606393
1615.00	-0.000232062	1615.00	-0.000411863
1616.00	-0.000402481	1616.00	0.000768100
1617.00	-0.00106991	1617.00	0.000496522
1618.00	-0.00104448	1618.00	0.000619432
1619.00	0.000161284	1619.00	0.000127310
1620.00	-0.000753312	1620.00	0.000511218
1621.00	-0.00149156	1621.00	0.00125871
1622.00	-0.00251174	1622.00	0.00116308
1623.00	-0.00190320	1623.00	0.000150923
1624.00	-0.00219147	1624.00	0.000179623
1625.00	-0.000440159	1625.00	-0.000901207
1626.00	-0.000843755	1626.00	-0.00125076
1627.00	0.00167723	1627.00	-0.00137817
1628.00	0.00118271	1628.00	-0.000660996
1629.00	0.000452193	1629.00	0.000363596
1630.00	-0.000783605	1630.00	0.000994573
1631.00	-0.00233255	1631.00	-0.00106573
1632.00	-0.00113421	1632.00	-0.000332292
1633.00	-0.000261907	1633.00	-0.00122707
1634.00	0.000699241	1634.00	-4.31844e-05
1635.00	0.00152548	1635.00	-0.000252249
1636.00	-7.60036e-05	1636.00	0.000711319
1637.00	0.000915245	1637.00	0.000262922
1638.00	-0.00220329	1638.00	0.000470690
1639.00	-0.00162879	1639.00	-0.000761848
1640.00	-0.00144612	1640.00	0.000622685
1641.00	0.00256774	1641.00	0.000915083
1642.00	0.00123069	1642.00	0.00101528
1643.00	0.00217327	1643.00	0.000964556
1644.00	0.00129140	1644.00	0.000196396
1645.00	0.00177509	1645.00	0.000103725
1646.00	0.00324197	1646.00	-0.000761135
1647.00	0.00308385	1647.00	-0.000644795
1648.00	0.00377400	1648.00	-0.000115169
1649.00	0.00262902	1649.00	-0.000640848
1650.00	0.00159714	1650.00	0.000526006
1651.00	-0.00115054	1651.00	0.000658530
1652.00	-0.00103590	1652.00	-0.000211820
1653.00	-0.000363654	1653.00	-0.00134122
1654.00	0.000534391	1654.00	-0.00207801
1655.00	0.000280547	1655.00	-0.00127495
1656.00	-0.000706271	1656.00	-1.27703e-05
1657.00	0.00142374	1657.00	-0.000184949
1658.00	0.00172924	1658.00	-2.67963e-05
1659.00	0.00349964	1659.00	0.000457194
1660.00	0.00114353	1660.00	-0.000357660
1661.00	0.00192159	1661.00	-1.03377e-05
1662.00	0.00226280	1662.00	0.000195104
1663.00	0.00342360	1663.00	0.000511333
1664.00	0.000365031	1664.00	0.000849235
1665.00	-0.00205017	1665.00	-0.000273927
1666.00	-0.00332788	1666.00	-3.18746e-05
1667.00	-0.00196292	1667.00	-0.000360032
1668.00	-0.000513835	1668.00	0.000805874
1669.00	0.000762463	1669.00	0.00125527
1670.00	-0.00208881	1670.00	0.000765294
1671.00	-0.00237210	1671.00	9.18457e-05
1672.00	-0.00139345	1672.00	9.71573e-06
1673.00	0.00159882	1673.00	0.00140277
1674.00	0.00298011	1674.00	0.00116363
1675.00	0.00157748	1675.00	0.000740744
1676.00	0.000944626	1676.00	0.000499133
1677.00	0.000823675	1677.00	-0.000951714
1678.00	0.000455169	1678.00	-0.00107208
1679.00	0.000888571	1679.00	-5.03204e-05
1680.00	0.00136549	1680.00	-7.16533e-05
1681.00	0.00113695	1681.00	-8.53812e-05
1682.00	0.00122013	1682.00	-0.000503291
1683.00	0.00240190	1683.00	-7.54866e-05
1684.00	0.00186706	1684.00	0.000305182
1685.00	0.000227056	1685.00	-0.000121422
1686.00	-0.00186712	1686.00	0.000417953
1687.00	-0.00106693	1687.00	0.000862639
1688.00	0.000625741	1688.00	0.00135188
1689.00	0.00274559	1689.00	0.000626201
1690.00	0.00302196	1690.00	0.000194731
1691.00	0.00250620	1691.00	-0.000890460
1692.00	-0.000610974	1692.00	-0.000255105
1693.00	-0.00203472	1693.00	0.000101605
1694.00	-0.00164314	1694.00	0.000987741
1695.00	0.000309830	1695.00	0.00169273
1696.00	-0.000675235	1696.00	0.00155215
1697.00	-0.00214108	1697.00	0.000391913
1698.00	-0.00294014	1698.00	-0.000358828
1699.00	-0.00234255	1699.00	-0.000200649
1700.00	0.000473517	1700.00	0.000927579
1701.00	-0.000227440	1701.00	0.000146181
1702.00	0.000399801	1702.00	-0.000826458
1703.00	-0.00123469	1703.00	-0.00191666
1704.00	0.000529091	1704.00	3.60259e-05
1705.00	-0.00109421	1705.00	0.000683858
1706.00	0.000680226	1706.00	0.000478528
1707.00	0.00144252	1707.00	-0.000687177
1708.00	0.00145513	1708.00	-0.000593088
1709.00	0.000989919	1709.00	-0.000671519
1710.00	0.000208614	1710.00	-0.000165010
1711.00	0.00251605	1711.00	-0.000560713
1712.00	0.00287347	1712.00	0.000168044
1713.00	0.00239708	1713.00	-0.000336100
1714.00	0.00214525	1714.00	0.000848934
1715.00	2.16920e-05	1715.00	0.000315998
1716.00	0.000371869	1716.00	0.000968492
1717.00	0.000825919	1717.00	-0.000922588
1718.00	6.93725e-05	1718.00	-0.000277579
1719.00	-0.000812930	1719.00	-0.00135271
1720.00	-0.000338671	1720.00	0.000780840
1721.00	-0.000657041	1721.00	-3.93945e-05
1722.00	-0.000613694	1722.00	-0.000178532
1723.00	-0.00124474	1723.00	0.000193873
1724.00	-0.000411346	1724.00	-0.00122918
1725.00	-0.00139696	1725.00	-0.000312980
1726.00	-0.000462736	1726.00	-0.000877699
1727.00	-7.50243e-05	1727.00	-0.000184382
1728.00	0.000724882	1728.00	-0.000670261
1729.00	-8.76537e-05	1729.00	-0.000903421
1730.00	0.000277081	1730.00	-0.00100946
1731.00	0.000426397	1731.00	-0.000214966
1732.00	-0.00166695	1732.00	-0.000111291
1733.00	-0.000739725	1733.00	0.000136391
1734.00	-0.000176803	1734.00	0.000308630
1735.00	0.00107271	1735.00	0.000918704
1736.00	0.000385013	1736.00	0.00130505
1737.00	0.00108371	1737.00	0.000800007
1738.00	0.000181920	1738.00	0.00117892
1739.00	-0.00117987	1739.00	0.000609139
1740.00	-0.00202375	1740.00	0.000235021
1741.00	-0.000394860	1741.00	-0.000803831
1742.00	0.00323777	1742.00	-0.00116521
1743.00	0.00438117	1743.00	-0.000745982
1744.00	0.00265220	1744.00	-0.000665634
1745.00	0.00127486	1745.00	-0.000137314
1746.00	0.00148134	1746.00	-0.000976569
1747.00	0.00318712	1747.00	-0.000719694
1748.00	0.00492871	1748.00	-0.00121902
1749.00	0.00459988	1749.00	-0.00102006
1750.00	0.00511578	1750.00	0.000407613
1751.00	0.00464193	1751.00	0.000742102
1752.00	0.00460027	1752.00	0.00190824
1753.00	0.00326368	1753.00	0.00262650
1754.00	0.00140385	1754.00	0.00130707
1755.00	0.00132733	1755.00	0.000720409
1756.00	0.000219085	1756.00	0.000576431
1757.00	0.000551336	1757.00	0.000455412
1758.00	0.000317219	1758.00	-7.87862e-05
1759.00	0.000605020	1759.00	-9.52598e-05
1760.00	0.000304731	1760.00	0.000981902
1761.00	0.000594390	1761.00	0.00124926
1762.00	-0.000362233	1762.00	0.000624821
1763.00	-0.00183308	1763.00	0.000935614
1764.00	-0.000257384	1764.00	0.000594860
1765.00	0.00116663	1765.00	0.000139992
1766.00	0.00209679	1766.00	-7.82269e-05
1767.00	0.00216283	1767.00	-0.000751215
1768.00	0.00177351	1768.00	9.43117e-05
1769.00	0.00151652	1769.00	0.000745597
1770.00	0.00126052	1770.00	0.000629866
1771.00	-0.000736519	1771.00	0.000672877
1772.00	4.39458e-05	1772.00	-9.95169e-05
1773.00	0.00116248	1773.00	-0.000282558
1774.00	0.000299774	1774.00	-0.000590196
1775.00	-0.000527616	1775.00	0.000416761
1776.00	-0.000668191	1776.00	-0.000541879
1777.00	0.00109265	1777.00	0.000384968
1778.00	0.00160796	1778.00	0.00171066
1779.00	0.00171225	1779.00	0.00105197
1780.00	0.000518989	1780.00	0.00158894
1781.00	-0.000284222	1781.00	0.000421685
1782.00	0.000219821	1782.00	0.00178705
1783.00	0.00147157	1783.00	0.000248860
1784.00	0.00127053	1784.00	0.000822731
1785.00	0.00148941	1785.00	4.27942e-05
1786.00	-0.000592352	1786.00	0.000762237
1787.00	0.00107787	1787.00	9.30837e-05
1788.00	-0.000900546	1788.00	-0.000119019
1789.00	-0.000967951	1789.00	-0.000592053
1790.00	-0.00211239	1790.00	-0.000129532
1791.00	-0.000144228	1791.00	-0.000146732
1792.00	0.00133317	1792.00	-0.000113408
1793.00	0.000659693	1793.00	-0.000710161
1794.00	-0.00114225	1794.00	-0.00111492
1795.00	-0.00117817	1795.00	-0.00103124
1796.00	-0.00161871	1796.00	-0.000270783
1797.00	-0.00143037	1797.00	-0.000273117
1798.00	-0.00103501	1798.00	0.000708662
1799.00	0.000403770	1799.00	0.000751671
1800.00	-0.000220087	1800.00	0.000796249
1801.00	-0.000390712	1801.00	-0.000222562
1802.00	-0.00101867	1802.00	-0.000566048
1803.00	-0.00116305	1803.00	-0.00115656
1804.00	-0.00117422	1804.00	-0.000525659
1805.00	-0.000799356	1805.00	-0.000873935
1806.00	-0.000483758	1806.00	-6.24217e-05
1807.00	0.00136428	1807.00	-0.000342374
1808.00	0.000528894	1808.00	0.000584004
1809.00	0.000708203	1809.00	-0.000520721
1810.00	-0.00158334	1810.00	0.00167491
1811.00	-0.00231632	1811.00	0.000436763
1812.00	0.000296335	1812.00	7.68136e-05
1813.00	-0.000149605	1813.00	-0.00103769
1814.00	-0.000302280	1814.00	-0.000265944
1815.00	-0.00190777	1815.00	0.000664979
1816.00	-0.00151104	1816.00	8.93695e-05
1817.00	-0.000589230	1817.00	-0.000490381
1818.00	0.000895563	1818.00	-0.00106147
1819.00	-0.000399451	1819.00	-0.000497801
1820.00	-0.000157821	1820.00	0.000156758
1821.00	-0.000914961	1821.00	0.000155489
1822.00	0.000139797	1822.00	0.000261677
1823.00	-0.00148190	1823.00	0.000353149
1824.00	-2.66312e-05	1824.00	-0.000808311
1825.00	0.000945631	1825.00	-0.000997773
1826.00	8.22017e-05	1826.00	-0.000960550
1827.00	-0.000875139	1827.00	0.000139561
1828.00	7.33348e-05	1828.00	8.39438e-05
1829.00	0.000941284	1829.00	-9.38715e-05
1830.00	0.000905835	1830.00	-0.000333561
1831.00	0.000445088	1831.00	-0.000263525
1832.00	-0.000273328	1832.00	-0.000478474
1833.00	-0.000330366	1833.00	0.000266000
1834.00	0.000190285	1834.00	-7.94931e-05
1835.00	-0.000118221	1835.00	-5.18234e-05
1836.00	0.00213791	1836.00	-0.00103946
1837.00	-0.000100057	1837.00	-0.000497593
1838.00	0.000463841	1838.00	-9.34359e-05
1839.00	-0.000329138	1839.00	4.25031e-05
1840.00	-0.000846599	1840.00	-0.000237830
1841.00	0.000696765	1841.00	-0.000820167
1842.00	0.000219163	1842.00	-0.000427800
1843.00	0.000731679	1843.00	0.000427829
1844.00	0.000971288	1844.00	0.000358415
1845.00	0.00120350	1845.00	0.000123324
1846.00	0.000416976	1846.00	7.19564e-05
1847.00	-9.45986e-05	1847.00	-0.000759903
1848.00	-0.000788903	1848.00	-0.000250912
1849.00	0.00150941	1849.00	0.000125940
1850.00	0.00196106	1850.00	-0.000202642
1851.00	0.000916837	1851.00	-0.000818728
1852.00	0.000561155	1852.00	-0.00107231
1853.00	-0.00138021	1853.00	-1.68107e-05
1854.00	0.000697302	1854.00	0.000444440
1855.00	-0.000589535	1855.00	-0.000140034
1856.00	-0.00121548	1856.00	-0.000177591
1857.00	-0.000430434	1857.00	-2.36135e-05
1858.00	0.00157349	1858.00	-0.000359444
1859.00	0.00133201	1859.00	0.000753282
1860.00	-0.000140470	1860.00	0.000141594
1861.00	-0.000365405	1861.00	0.000694378
1862.00	-0.000938920	1862.00	0.00116194
1863.00	-9.25384e-05	1863.00	0.000880049
1864.00	0.00102858	1864.00	0.00139935
1865.00	0.00151066	1865.00	0.000650596
1866.00	0.00264337	1866.00	-0.000266852
1867.00	0.00212008	1867.00	-0.00179463
1868.00	0.00126363	1868.00	-0.000685723
1869.00	0.00242251	1869.00	-0.000319637
1870.00	-0.000995706	1870.00	5.80761e-05
1871.00	0.00161997	1871.00	-0.000380368
1872.00	0.000291052	1872.00	-0.000325878
1873.00	0.000976352	1873.00	-0.000294746
1874.00	0.00126076	1874.00	-9.84831e-05
1875.00	0.00145458	1875.00	-0.000373230
1876.00	0.00192869	1876.00	0.000400681
1877.00	5.60801e-05	1877.00	-0.000759104
1878.00	0.000251059	1878.00	0.000456916
1879.00	0.00145010	1879.00	-0.000589104
1880.00	0.00133132	1880.00	-0.000415047
1881.00	0.00170610	1881.00	-0.000343664
1882.00	0.000745288	1882.00	-0.000277891
1883.00	-3.26084e-05	1883.00	-0.000296098
1884.00	0.000574377	1884.00	-0.000884352
1885.00	-0.000574421	1885.00	-0.000544268
1886.00	-6.10886e-05	1886.00	-0.000187055
1887.00	-0.000321742	1887.00	-4.42541e-05
1888.00	0.000398645	1888.00	-2.76869e-05
1889.00	0.000238692	1889.00	0.000590745
1890.00	0.00156777	1890.00	-0.000160901
1891.00	0.000602234	1891.00	-0.000475895
1892.00	0.000916224	1892.00	-0.00177106
1893.00	0.000309761	1893.00	0.000104889
1894.00	-0.000571302	1894.00	-0.000592645
1895.00	-0.000506397	1895.00	0.000523617
1896.00	-0.000212597	1896.00	-0.000919185
1897.00	-8.29909e-05	1897.00	-0.000274158
1898.00	0.00123040	1898.00	-0.000556780
1899.00	0.000215646	1899.00	0.000203062
1900.00	0.000334213	1900.00	-0.000648605
1901.00	-0.000698959	1901.00	0.000509174
1902.00	0.00116169	1902.00	0.000311014
1903.00	0.00193128	1903.00	0.000938506
1904.00	0.00181331	1904.00	-4.83911e-05
1905.00	0.000425674	1905.00	0.000807699
1906.00	0.000435550	1906.00	0.000691881
1907.00	0.000373950	1907.00	0.000644331
1908.00	0.000474243	1908.00	0.000659350
1909.00	-0.000337588	1909.00	0.000463268
1910.00	-0.000626549	1910.00	0.000148183
1911.00	0.000480554	1911.00	-0.000407624
1912.00	0.000384076	1912.00	-0.000284331
1913.00	-0.000478774	1913.00	0.000705744
1914.00	-0.000878152	1914.00	0.00155533
1915.00	0.000679476	1915.00	0.000969661
1916.00	0.00153585	1916.00	-0.000132352
1917.00	0.00235453	1917.00	-0.000224789
1918.00	5.16144e-05	1918.00	0.000538697
1919.00	-0.00165288	1919.00	0.000837720
1920.00	-0.00265322	1920.00	0.000484454
1921.00	-0.00340955	1921.00	-0.000233569
1922.00	-0.00211280	1922.00	-0.000491314
1923.00	-0.000869949	1923.00	0.000199610
1924.00	0.000109542	1924.00	0.000148152
1925.00	-0.000382380	1925.00	-0.000233119
1926.00	0.000880009	1926.00	-0.000647141
1927.00	0.00130704	1927.00	0.000546213
1928.00	0.000413889	1928.00	0.00113682
1929.00	0.000205232	1929.00	0.00152378
1930.00	-0.000114618	1930.00	0.000894162
1931.00	0.00142929	1931.00	-0.000409120
1932.00	0.00183136	1932.00	-0.000372827
1933.00	0.00178338	1933.00	-0.000986010
1934.00	0.00332307	1934.00	0.000129096
1935.00	0.00339936	1935.00	-4.86491e-05
1936.00	0.00122927	1936.00	-0.000488908
1937.00	-0.00176914	1937.00	-0.000260092
1938.00	-0.00161454	1938.00	-0.000442048
1939.00	-0.00124919	1939.00	-0.000768310
1940.00	-0.00103605	1940.00	-0.00112153
1941.00	-0.000786778	1941.00	-0.000417641
1942.00	-0.00152960	1942.00	-0.000172262
1943.00	-0.000391545	1943.00	7.29803e-05
1944.00	0.000708844	1944.00	0.000423692
1945.00	0.000879308	1945.00	0.00181673
1946.00	0.00206490	1946.00	0.00104050
1947.00	0.00132418	1947.00	0.00100853
1948.00	0.00130685	1948.00	-0.000407726
1949.00	0.00231254	1949.00	-0.000591426
1950.00	0.00169286	1950.00	-0.000573933
1951.00	-0.00195320	1951.00	-0.000206679
1952.00	-0.000945340	1952.00	0.000318865
1953.00	-0.000653749	1953.00	-9.56893e-05
1954.00	0.000858728	1954.00	-0.000417228
1955.00	0.000623145	1955.00	0.000230503
1956.00	-2.67330e-06	1956.00	9.54577e-06
1957.00	0.000521375	1957.00	0.000222972
1958.00	0.00156462	1958.00	0.000112569
1959.00	0.00186002	1959.00	0.000970315
1960.00	0.000571261	1960.00	0.00133948
1961.00	0.00154576	1961.00	0.00155125
1962.00	0.00325445	1962.00	0.00107306
1963.00	0.00148675	1963.00	0.000421845
1964.00	0.00152256	1964.00	-0.00137588
1965.00	-0.000364840	1965.00	-0.00138206
1966.00	0.000480652	1966.00	-0.000955675
1967.00	0.000780666	1967.00	0.000403854
1968.00	0.000509381	1968.00	0.000628593
1969.00	-0.00163401	1969.00	0.000400764
1970.00	-0.00398087	1970.00	-0.000483989
1971.00	-0.00235963	1971.00	-0.000172551
1972.00	-0.000102519	1972.00	-6.62666e-05
1973.00	-7.56481e-05	1973.00	0.000205408
1974.00	-0.000795122	1974.00	-0.000481230
1975.00	-0.00106933	1975.00	0.000184748
1976.00	0.000119241	1976.00	9.72596e-05
1977.00	0.000448234	1977.00	-0.000187766
1978.00	0.000640570	1978.00	-7.34385e-05
1979.00	0.00143582	1979.00	0.000570273
1980.00	0.000897297	1980.00	7.95392e-05
1981.00	-0.00158918	1981.00	-0.00111766
1982.00	0.000232611	1982.00	-0.00197018
1983.00	0.00124596	1983.00	-0.00181246
1984.00	0.00174630	1984.00	-0.00144996
1985.00	0.00101392	1985.00	0.000185860
1986.00	0.00108748	1986.00	-0.000138704
1987.00	0.000687222	1987.00	-0.000569245
1988.00	0.00119060	1988.00	-0.000306708
1989.00	0.00126177	1989.00	-0.000213749
1990.00	0.000359993	1990.00	-0.00120225
1991.00	-0.00110919	1991.00	-0.000922912
1992.00	-0.000382523	1992.00	-0.000289393
1993.00	0.000175378	1993.00	0.000375210
1994.00	0.00170686	1994.00	0.000414778
1995.00	0.00312118	1995.00	0.000793131
1996.00	8.02755e-05	1996.00	0.00168104
1997.00	-0.000500330	1997.00	0.000829461
1998.00	-0.000884213	1998.00	0.000591521
1999.00	0.000549503	1999.00	0.000249038
