XDAS1	DAS1	XDAS2	DAS2
0.00000	-0.00152161	0.00000	0.000802375
1.00000	-0.000225616	1.00000	0.00166952
2.00000	0.00115477	2.00000	-3.75996e-05
3.00000	-0.00291464	3.00000	-0.000832975
4.00000	-0.0124003	4.00000	-0.00133467
5.00000	-0.0100671	5.00000	0.000651769
6.00000	-0.00332834	6.00000	-0.00159834
7.00000	-0.000432826	7.00000	-0.00232728
8.00000	-0.00185057	8.00000	-0.00125769
9.00000	-0.00747302	9.00000	0.00133569
10.0000	-0.00938302	10.0000	-0.000119771
11.0000	-0.00582147	11.0000	0.00226406
12.0000	1.12615e-05	12.0000	0.00128807
13.0000	0.00346919	13.0000	0.000885433
14.0000	0.00680315	14.0000	-0.00199340
15.0000	0.00399171	15.0000	-0.00170353
16.0000	-0.00102340	16.0000	-0.00150040
17.0000	-0.00523794	17.0000	-0.00104301
18.0000	0.00140026	18.0000	-0.000349735
19.0000	0.00555340	19.0000	-0.00176180
20.0000	0.00456465	20.0000	-0.00188537
21.0000	0.00231070	21.0000	-0.00424374
22.0000	0.000433037	22.0000	-0.00467621
23.0000	0.00101906	23.0000	-0.00261107
24.0000	0.00147579	24.0000	-0.00153624
25.0000	0.00239658	25.0000	0.00187412
26.0000	0.00287931	26.0000	-0.00102520
27.0000	0.000702292	27.0000	-0.00106367
28.0000	-0.000389305	28.0000	-0.00214143
29.0000	0.00299776	29.0000	-0.00105350
30.0000	0.00640492	30.0000	-0.00349614
31.0000	0.00778659	31.0000	-0.00449953
32.0000	0.00449590	32.0000	-0.00337145
33.0000	-0.00226670	33.0000	-0.00195030
34.0000	0.000321447	34.0000	-0.00217021
35.0000	-0.00416050	35.0000	-0.00272958
36.0000	-0.00280383	36.0000	-0.00273178
37.0000	-0.00648809	37.0000	-2.14031e-05
38.0000	-0.00856595	38.0000	0.00181319
39.0000	-0.00790455	39.0000	0.00217102
40.0000	-0.00168401	40.0000	0.000926765
41.0000	-0.00408559	41.0000	0.000472085
42.0000	-0.00417785	42.0000	-0.000867735
43.0000	-0.00431832	43.0000	0.000307922
44.0000	-0.00300263	44.0000	0.000313091
45.0000	-0.00456221	45.0000	0.00200817
46.0000	0.000270960	46.0000	0.000467759
47.0000	-0.00215044	47.0000	-0.000666054
48.0000	-7.15869e-06	48.0000	-0.00163675
49.0000	-0.00286667	49.0000	-0.00128006
50.0000	0.000921380	50.0000	-0.00258131
51.0000	-0.00715633	51.0000	-0.00312904
52.0000	-0.00506324	52.0000	-0.00179431
53.0000	-0.00232737	53.0000	-0.00212595
54.0000	-0.00107720	54.0000	-0.00225791
55.0000	-0.00480930	55.0000	-0.00184459
56.0000	-0.00532837	56.0000	-0.000595215
57.0000	-0.00694156	57.0000	0.00103806
58.0000	-0.00501513	58.0000	0.00100773
59.0000	-0.00496531	59.0000	0.00353958
60.0000	-0.00508251	60.0000	0.000987650
61.0000	-0.00662649	61.0000	0.000547968
62.0000	-0.00652729	62.0000	0.000459743
63.0000	-0.00995724	63.0000	0.000115718
64.0000	-0.00564586	64.0000	0.000424015
65.0000	-0.00573161	65.0000	-0.000275793
66.0000	-0.00429856	66.0000	-0.000867787
67.0000	-0.00539836	67.0000	0.000312503
68.0000	-0.00326161	68.0000	0.000752062
69.0000	-0.00412431	69.0000	-5.88418e-05
70.0000	-0.00925345	70.0000	-0.000813478
71.0000	-0.00684723	71.0000	-0.000895256
72.0000	-0.0102473	72.0000	-0.000963613
73.0000	-0.00157715	73.0000	0.000167935
74.0000	-0.00377793	74.0000	0.000997634
75.0000	-0.00311775	75.0000	0.000815585
76.0000	-0.00753463	76.0000	0.000371103
77.0000	-0.00688951	77.0000	0.000644305
78.0000	-0.00517078	78.0000	0.00121335
79.0000	-0.00415085	79.0000	0.00189968
80.0000	-0.00379778	80.0000	0.000586975
81.0000	-0.00517478	81.0000	0.00306595
82.0000	-0.00533444	82.0000	-0.000294594
83.0000	-0.00842552	83.0000	0.00132699
84.0000	-0.00508387	84.0000	-0.000846545
85.0000	-0.00689628	85.0000	-0.00125057
86.0000	-0.00502912	86.0000	-0.00318857
87.0000	-0.00845549	87.0000	-0.00339970
88.0000	-0.00612014	88.0000	-0.00452210
89.0000	-0.00673299	89.0000	-0.00138909
90.0000	-0.00435484	90.0000	-0.000995913
91.0000	-0.00460196	91.0000	-0.000329785
92.0000	0.00120052	92.0000	-0.000261063
93.0000	-0.00130885	93.0000	0.000783807
94.0000	-0.00462369	94.0000	0.00110838
95.0000	-0.00557507	95.0000	-0.000116997
96.0000	-0.00239737	96.0000	0.000592990
97.0000	0.00166886	97.0000	0.000728715
98.0000	-0.000912131	98.0000	-0.00154441
99.0000	-0.00664798	99.0000	-0.00350312
100.000	-0.00686245	100.000	-0.00265241
101.000	-0.00173637	101.000	-0.00153857
102.000	0.00285346	102.000	-0.000448634
103.000	0.00229590	103.000	-0.000716380
104.000	-0.000897598	104.000	-0.000748673
105.000	-0.00420318	105.000	-0.000900625
106.000	-0.00632512	106.000	-0.00240532
107.000	-0.00315882	107.000	-0.00269337
108.000	0.00127320	108.000	-0.00285325
109.000	-0.000759094	109.000	-0.00345448
110.000	0.000622559	110.000	-0.000548049
111.000	-3.75924e-05	111.000	-0.000536028
112.000	-0.00368157	112.000	-0.00123718
113.000	-0.00255333	113.000	0.000472431
114.000	-0.00569042	114.000	-0.000157101
115.000	-0.00585029	115.000	-0.000358569
116.000	-0.00439360	116.000	-0.00137514
117.000	-0.00399488	117.000	0.00159098
118.000	-0.00136074	118.000	-0.000756290
119.000	-0.000495309	119.000	0.000407017
120.000	-0.00248694	120.000	-0.00148225
121.000	-0.00348430	121.000	-0.00109577
122.000	-0.00330951	122.000	-0.00174485
123.000	-0.00413629	123.000	-0.00105539
124.000	-0.00697105	124.000	-0.00146629
125.000	-0.00738578	125.000	-0.00315099
126.000	-0.00324097	126.000	-0.00413527
127.000	-0.00550404	127.000	-0.00433801
128.000	-0.00442889	128.000	-0.00187464
129.000	-0.00540881	129.000	-0.00111949
130.000	-0.00541519	130.000	0.000145166
131.000	-0.00423596	131.000	-0.000956860
132.000	-0.00750300	132.000	-0.00148044
133.000	-0.00394406	133.000	-0.00292330
134.000	-0.00646845	134.000	0.00164964
135.000	-0.00393995	135.000	0.000438183
136.000	-0.00705998	136.000	0.00169700
137.000	-0.00420841	137.000	-3.64560e-05
138.000	-0.00332550	138.000	0.000148878
139.000	-0.00624625	139.000	0.00105921
140.000	-0.00214086	140.000	-0.00192249
141.000	0.00123583	141.000	-0.00258450
142.000	0.00469784	142.000	-0.00352726
143.000	0.00274511	143.000	-0.00176877
144.000	0.00274046	144.000	-0.00156160
145.000	-0.000489190	145.000	-0.00175934
146.000	-0.00345426	146.000	-0.000624807
147.000	-0.00746056	147.000	0.000106186
148.000	-0.00566493	148.000	0.00241838
149.000	-0.00675778	149.000	0.00139606
150.000	-0.00345913	150.000	0.00351679
151.000	-0.00325234	151.000	0.00310325
152.000	-0.00298955	152.000	0.00162452
153.000	-0.00438646	153.000	0.000122873
154.000	-0.00247827	154.000	-0.00142374
155.000	-0.000653617	155.000	-0.000919721
156.000	0.00227005	156.000	0.000969933
157.000	0.00117419	157.000	0.00176965
158.000	0.00162510	158.000	0.00311295
159.000	-0.00287492	159.000	0.00274962
160.000	5.20362e-05	160.000	0.000406042
161.000	-0.00123939	161.000	-0.000772794
162.000	0.000228262	162.000	-0.00219255
163.000	-0.00200763	163.000	0.000240611
164.000	0.00106589	164.000	-0.000806971
165.000	-0.00114176	165.000	-0.00109666
166.000	-0.00139932	166.000	-0.000314909
167.000	-0.00361168	167.000	0.000242036
168.000	-0.00298780	168.000	0.000159757
169.000	-0.00540303	169.000	-0.00121990
170.000	-0.00410481	170.000	-0.00151225
171.000	-0.00847311	171.000	0.000644690
172.000	-0.00818584	172.000	0.00223240
173.000	-0.00841694	173.000	0.00294522
174.000	-0.00296369	174.000	0.00201265
175.000	-0.00270935	175.000	0.00156800
176.000	-0.00224719	176.000	0.00161899
177.000	-0.000583433	177.000	-0.00125955
178.000	0.00338575	178.000	0.000460176
179.000	-3.67187e-05	179.000	-0.000230984
180.000	-0.00369384	180.000	-0.000185121
181.000	-0.00642942	181.000	-0.000214259
182.000	-0.00464952	182.000	-0.000119644
183.000	-0.00120775	183.000	-1.96041e-05
184.000	-0.000322888	184.000	-0.00127621
185.000	-0.000178695	185.000	-0.00161219
186.000	-0.00246757	186.000	-0.00148329
187.000	-0.00171778	187.000	-0.00302358
188.000	-0.00371336	188.000	-0.00216275
189.000	-0.00505791	189.000	-0.00151559
190.000	-0.00554271	190.000	-0.000857444
191.000	-0.00652737	191.000	0.000110839
192.000	-0.00506387	192.000	-0.000330456
193.000	-0.00426505	193.000	-0.000855394
194.000	-0.00381931	194.000	-0.00120300
195.000	-0.000792881	195.000	-0.00176163
196.000	-0.000352335	196.000	-0.00253891
197.000	-0.00166681	197.000	-0.00183512
198.000	-0.00239870	198.000	0.00181817
199.000	-0.00895584	199.000	0.000237007
200.000	-0.00546017	200.000	-0.000421335
201.000	-0.00509673	201.000	-0.00143619
202.000	0.00216573	202.000	-0.000572256
203.000	0.00363969	203.000	0.000468414
204.000	0.00402175	204.000	0.00129729
205.000	-0.00646455	205.000	4.58717e-05
206.000	-0.00653247	206.000	-0.00122213
207.000	-0.00652707	207.000	-0.00100293
208.000	-0.00310560	208.000	0.00119655
209.000	-0.000958437	209.000	0.000356047
210.000	0.00262886	210.000	-0.000475146
211.000	0.00178021	211.000	-0.000762766
212.000	0.00351764	212.000	-0.00270146
213.000	-0.000557787	213.000	-0.00288906
214.000	-0.00207363	214.000	-0.00365268
215.000	-0.00323831	215.000	-0.00243481
216.000	-0.00429167	216.000	-0.000771527
217.000	-0.00271150	217.000	-0.000767882
218.000	-0.00419228	218.000	0.00112224
219.000	-0.00162951	219.000	0.00186683
220.000	-0.00389527	220.000	0.000652889
221.000	-0.00376985	221.000	-0.00128818
222.000	-0.00289883	222.000	-0.000466124
223.000	0.00353257	223.000	-0.000597261
224.000	0.00222986	224.000	-0.000353527
225.000	-0.00118187	225.000	-0.000731926
226.000	-0.00473890	226.000	-0.00118020
227.000	-0.000143177	227.000	-0.000711271
228.000	-0.000129490	228.000	0.000769742
229.000	-0.000910654	229.000	0.00235294
230.000	-0.00352057	230.000	0.000946674
231.000	-0.00115734	231.000	0.00158001
232.000	-0.000455451	232.000	0.00189935
233.000	-0.00236210	233.000	0.000939370
234.000	-0.00175460	234.000	0.00135356
235.000	0.00174405	235.000	0.000695571
236.000	0.00194107	236.000	0.00276169
237.000	-0.000848859	237.000	0.000365009
238.000	-0.00416708	238.000	-0.00251835
239.000	-0.00366483	239.000	-0.00281665
240.000	-1.89509e-05	240.000	-0.00294028
241.000	0.00163732	241.000	-0.00433614
242.000	0.00143348	242.000	-0.00337392
243.000	-0.00118762	243.000	-0.00247164
244.000	-0.00207129	244.000	-0.00163451
245.000	-0.00100317	245.000	-0.00157659
246.000	-0.000768813	246.000	-0.00156530
247.000	-0.00212705	247.000	-0.00211489
248.000	-0.00290273	248.000	-0.000199861
249.000	3.70450e-05	249.000	-0.000353255
250.000	0.00188986	250.000	0.00102987
251.000	0.00421270	251.000	0.00201164
252.000	-0.00145292	252.000	0.00131694
253.000	-0.00421155	253.000	-0.00333954
254.000	-0.00522551	254.000	-0.00205875
255.000	-0.00108147	255.000	-0.00129601
256.000	-0.00395178	256.000	0.000827605
257.000	0.000429129	257.000	-0.000152746
258.000	-0.00677590	258.000	0.00260001
259.000	-0.00365019	259.000	-0.000373045
260.000	-0.00562680	260.000	-0.00129107
261.000	-0.00136600	261.000	-0.00310150
262.000	-0.00343772	262.000	-0.00125510
263.000	-0.00173235	263.000	-0.000868702
264.000	-0.00234391	264.000	-7.44808e-05
265.000	0.00360104	265.000	-0.000206411
266.000	0.00253113	266.000	-0.00201792
267.000	-0.00109665	267.000	-0.00178012
268.000	0.00113162	268.000	-0.00421218
269.000	0.00125161	269.000	-0.00111162
270.000	0.00517731	270.000	0.000105583
271.000	0.00218446	271.000	0.00137961
272.000	0.00244656	272.000	0.00226438
273.000	-0.00119162	273.000	0.000754755
274.000	-0.00562605	274.000	0.00178133
275.000	-0.00663999	275.000	0.00107003
276.000	-0.00614487	276.000	0.00104907
277.000	-0.00424203	277.000	0.000534990
278.000	-0.00605859	278.000	-0.000409270
279.000	-0.00345790	279.000	-0.00225427
280.000	-0.00341447	280.000	-0.000123835
281.000	-0.00146303	281.000	0.00111817
282.000	-0.00349632	282.000	0.00155717
283.000	-0.00367996	283.000	-0.000254690
284.000	-0.00270876	284.000	0.000165943
285.000	-0.000578620	285.000	0.000485772
286.000	0.000802445	286.000	-0.000272233
287.000	0.000413849	287.000	-2.31783e-06
288.000	0.00166899	288.000	-0.00200563
289.000	0.00220368	289.000	-0.000397993
290.000	0.00258287	290.000	-0.000427906
291.000	0.00152487	291.000	-0.000865111
292.000	-0.00132286	292.000	-0.000793642
293.000	-0.00576731	293.000	-0.00196070
294.000	-0.00697581	294.000	-0.000491087
295.000	-0.00530595	295.000	-0.000835724
296.000	-0.00117002	296.000	-0.00165699
297.000	-0.000231246	297.000	-0.00233198
298.000	0.000597705	298.000	-0.00179597
299.000	0.00119856	299.000	-0.00447871
300.000	0.00157503	300.000	-0.00416598
301.000	0.000777809	301.000	-0.00210840
302.000	-0.00181381	302.000	4.42526e-05
303.000	-0.00169965	303.000	0.00112700
304.000	-0.00405214	304.000	0.000523125
305.000	-0.00233363	305.000	-0.000316014
306.000	-0.00246079	306.000	-0.00415029
307.000	-0.00415235	307.000	-0.00188351
308.000	-0.00471661	308.000	-0.00167903
309.000	-0.00277504	309.000	7.70550e-05
310.000	-0.00329143	310.000	-0.00188890
311.000	-0.00487205	311.000	-0.00166619
312.000	-0.00598588	312.000	-0.000789272
313.000	-0.00647302	313.000	-0.00151781
314.000	-0.00451177	314.000	-0.00149058
315.000	-0.000196888	315.000	-0.00138932
316.000	-0.00185360	316.000	3.29840e-05
317.000	-0.00392045	317.000	-0.00136044
318.000	-0.00392940	318.000	0.000172716
319.000	-0.00185471	319.000	-0.000471924
320.000	0.00283369	320.000	0.00173683
321.000	0.00278769	321.000	-0.000462764
322.000	0.00239146	322.000	0.000117965
323.000	-0.00210635	323.000	0.000187464
324.000	-0.00222476	324.000	0.000534576
325.000	-0.00418053	325.000	-0.00412940
326.000	-0.00368071	326.000	-0.00596038
327.000	-0.00407753	327.000	-0.00492745
328.000	-0.00564573	328.000	-0.000636354
329.000	-0.00511181	329.000	0.000659443
330.000	-0.00897736	330.000	-0.000147691
331.000	-0.00661558	331.000	-0.00179816
332.000	-0.00823250	332.000	-0.00300407
333.000	-0.00649796	333.000	-0.00155090
334.000	-0.00505605	334.000	-0.00250226
335.000	-0.00431774	335.000	-0.00131764
336.000	-0.00394675	336.000	-0.00196275
337.000	-0.00339349	337.000	-0.000273107
338.000	-0.000720167	338.000	-0.00226588
339.000	-0.00235628	339.000	-0.00114489
340.000	-0.00249668	340.000	-0.00149145
341.000	-0.00209673	341.000	0.000253357
342.000	-0.00238591	342.000	6.32770e-05
343.000	-0.00124407	343.000	0.000638709
344.000	-0.000360103	344.000	-0.00255947
345.000	0.000451136	345.000	0.00160621
346.000	0.00131614	346.000	-0.000266256
347.000	-0.00166715	347.000	-0.000830757
348.000	-0.00161337	348.000	-0.00126250
349.000	0.00126338	349.000	-0.00111898
350.000	0.00180972	350.000	-0.000795450
351.000	0.000168655	351.000	-0.00243780
352.000	-0.00419246	352.000	-0.00143785
353.000	-0.00556623	353.000	-0.000315303
354.000	-0.00361165	354.000	0.00158544
355.000	-0.00121471	355.000	0.00228023
356.000	0.00193919	356.000	0.00156064
357.000	0.000332910	357.000	-7.87739e-05
358.000	-0.00101839	358.000	-0.000410319
359.000	-0.00367088	359.000	-0.000879362
360.000	-0.00376595	360.000	-0.000834616
361.000	-0.00511195	361.000	-0.00140423
362.000	-0.00366270	362.000	-0.00134602
363.000	-0.000547223	363.000	-6.78328e-05
364.000	-0.00178526	364.000	-0.000677044
365.000	-0.00354067	365.000	-0.00151950
366.000	-0.00398218	366.000	-0.00253363
367.000	-0.00213099	367.000	-0.00205836
368.000	-0.00146778	368.000	-0.000666360
369.000	-0.000859436	369.000	-0.000780326
370.000	-0.00167355	370.000	0.000433796
371.000	-0.000348948	371.000	-0.000151551
372.000	-0.00255733	372.000	0.000748549
373.000	-0.00343671	373.000	-0.00177649
374.000	0.000995856	374.000	-0.000888739
375.000	0.00114631	375.000	-0.00209461
376.000	0.00140584	376.000	-0.00163891
377.000	-0.00457002	377.000	-0.000620445
378.000	-0.00223754	378.000	0.000434851
379.000	0.000514293	379.000	-0.000418099
380.000	0.00331683	380.000	-0.000664918
381.000	-6.56744e-05	381.000	-0.000999387
382.000	-0.00284230	382.000	0.000199149
383.000	-0.00246540	383.000	0.00228875
384.000	0.000550408	384.000	0.000594479
385.000	-0.000629542	385.000	0.000521398
386.000	-0.000595770	386.000	-0.00196505
387.000	-0.00400676	387.000	0.000221346
388.000	-0.00310652	388.000	-0.00223054
389.000	-0.00517791	389.000	-0.00124730
390.000	-0.00438017	390.000	-0.00227290
391.000	-0.00241548	391.000	-0.000975098
392.000	-0.000798531	392.000	-0.00187807
393.000	0.00118633	393.000	-0.00220011
394.000	0.00140333	394.000	-0.00228367
395.000	-0.00148984	395.000	-0.00167248
396.000	-0.00494709	396.000	0.000203894
397.000	-0.00190733	397.000	0.00212700
398.000	-0.000336152	398.000	0.000433324
399.000	-0.000600527	399.000	-0.00106169
400.000	-0.00161639	400.000	-0.00188584
401.000	0.000242405	401.000	-0.00219652
402.000	-0.000234849	402.000	-0.00179719
403.000	-0.00391877	403.000	0.000513350
404.000	-0.00500450	404.000	-0.000101997
405.000	-0.00393298	405.000	-0.00287244
406.000	-0.00336010	406.000	-0.00255777
407.000	-0.00334222	407.000	-0.00145697
408.000	-0.00301407	408.000	-0.00113230
409.000	-0.000900682	409.000	-0.00183522
410.000	-0.000864903	410.000	-0.00111809
411.000	-0.00150108	411.000	0.000424828
412.000	-0.00222155	412.000	-0.000295538
413.000	-0.00260173	413.000	-0.00123869
414.000	0.00166870	414.000	-0.00261738
415.000	0.000183278	415.000	-0.00146120
416.000	-0.00101766	416.000	-0.000262324
417.000	-0.000985380	417.000	-0.000685631
418.000	-0.000998412	418.000	0.00165682
419.000	-0.00295914	419.000	0.000664467
420.000	-0.00665790	420.000	0.00214984
421.000	-0.00546465	421.000	-8.26801e-05
422.000	-0.00420888	422.000	0.000610809
423.000	-0.00121066	423.000	-0.00217760
424.000	-0.000302822	424.000	-0.00261575
425.000	-0.00125070	425.000	-0.00371641
426.000	0.000579446	426.000	-0.00428469
427.000	0.00114637	427.000	-0.00170991
428.000	0.00288194	428.000	-0.00139686
429.000	0.000678627	429.000	0.000109397
430.000	-0.00315415	430.000	-8.06319e-05
431.000	-0.00523275	431.000	-0.000602467
432.000	-0.00456378	432.000	-0.00158585
433.000	-0.00585243	433.000	7.85674e-05
434.000	-0.00578852	434.000	-0.000399415
435.000	-0.00478587	435.000	-0.000484451
436.000	-0.00493871	436.000	0.000689405
437.000	-0.000642957	437.000	-3.42534e-05
438.000	-0.00435329	438.000	0.000884075
439.000	-0.00119585	439.000	-0.000338652
440.000	-0.000813405	440.000	-0.00252052
441.000	-0.000846514	441.000	-0.00242500
442.000	-0.00135185	442.000	-0.00229371
443.000	-0.00184965	443.000	0.000136034
444.000	-0.00153271	444.000	-0.00146581
445.000	0.00113442	445.000	-0.000973314
446.000	0.00199231	446.000	-0.00128748
447.000	-9.68575e-05	447.000	-0.00263499
448.000	-0.00151799	448.000	-0.00161687
449.000	-0.000630180	449.000	-0.00186999
450.000	-0.000450996	450.000	0.000742977
451.000	-0.00302411	451.000	-0.000362600
452.000	-0.00168810	452.000	-8.84640e-07
453.000	-0.00206273	453.000	-6.59550e-05
454.000	0.00192260	454.000	-0.00160588
455.000	0.000628768	455.000	-0.00134350
456.000	0.000752194	456.000	-0.00175563
457.000	-0.000829220	457.000	0.000352242
458.000	-0.000255706	458.000	3.24311e-05
459.000	0.000703633	459.000	-0.000570138
460.000	-0.000832843	460.000	0.000124438
461.000	-0.00105024	461.000	-0.00206166
462.000	-0.00277710	462.000	-0.00157475
463.000	-0.00371721	463.000	-0.000344182
464.000	-0.00590373	464.000	0.00174646
465.000	-0.00585660	465.000	0.00182050
466.000	-0.00605951	466.000	0.00228456
467.000	-0.00557805	467.000	0.00143442
468.000	-0.00214501	468.000	0.00175956
469.000	-0.000319061	469.000	0.00157883
470.000	-0.000824199	470.000	0.000576227
471.000	-0.000465223	471.000	0.000747800
472.000	-0.00195032	472.000	0.000399043
473.000	-0.000324856	473.000	-0.000560031
474.000	-0.00331682	474.000	-0.00114168
475.000	-0.00359293	475.000	0.000168482
476.000	-0.00390721	476.000	0.000761828
477.000	-0.00293475	477.000	0.00120135
478.000	0.00116413	478.000	-0.000754693
479.000	-0.000821205	479.000	-0.00202727
480.000	0.00151901	480.000	-0.00265554
481.000	0.00281197	481.000	-0.00159837
482.000	0.00576503	482.000	-0.000961174
483.000	0.00908257	483.000	-0.00106174
484.000	0.00232322	484.000	-0.00159774
485.000	0.000949403	485.000	-0.00301755
486.000	-0.00167905	486.000	-0.00107077
487.000	-0.000860841	487.000	0.000283937
488.000	-0.000643361	488.000	-0.000777240
489.000	-3.41883e-05	489.000	-0.00186080
490.000	-0.00319765	490.000	-0.000244449
491.000	-0.00310979	491.000	0.000456454
492.000	-0.00645091	492.000	0.00160401
493.000	-0.00214499	493.000	0.000497869
494.000	-0.000528382	494.000	0.00117787
495.000	-7.44247e-05	495.000	0.00126081
496.000	4.09840e-05	496.000	0.000205932
497.000	-0.00364683	497.000	0.000234346
498.000	-0.00204148	498.000	-0.000149206
499.000	-0.00460905	499.000	3.35230e-05
500.000	-0.00390378	500.000	-0.000852240
501.000	-0.00547560	501.000	-0.00169980
502.000	-0.00464657	502.000	-0.00260231
503.000	-0.00250573	503.000	-0.00110622
504.000	0.00129679	504.000	-0.00227842
505.000	0.000700322	505.000	-0.00210722
506.000	-0.00254161	506.000	-0.00176845
507.000	-0.00192440	507.000	0.000494839
508.000	-0.00202626	508.000	0.00157878
509.000	-0.000542524	509.000	0.000959091
510.000	0.00102573	510.000	0.00175963
511.000	-0.000604443	511.000	0.00176704
512.000	0.00249306	512.000	0.00216874
513.000	-0.00441058	513.000	-0.000767535
514.000	-0.00531597	514.000	0.00118589
515.000	-0.00419061	515.000	-0.000361198
516.000	-0.00223982	516.000	0.00112195
517.000	0.00167283	517.000	-0.00148396
518.000	0.00377725	518.000	-0.00386996
519.000	0.00468563	519.000	-0.00316803
520.000	0.00442633	520.000	-0.00163412
521.000	0.00119592	521.000	-0.000761190
522.000	-0.00279295	522.000	-8.93647e-05
523.000	-0.00286690	523.000	0.000142191
524.000	-0.00251046	524.000	0.00177482
525.000	-0.000382490	525.000	0.00207099
526.000	-0.000769842	526.000	0.00103165
527.000	0.00167745	527.000	-0.00207813
528.000	0.00113134	528.000	-0.000949960
529.000	0.00313331	529.000	0.000344934
530.000	0.00178739	530.000	-0.000425098
531.000	0.00107393	531.000	0.000562830
532.000	-0.00128378	532.000	-4.09340e-05
533.000	0.000929338	533.000	-0.00123161
534.000	0.00111140	534.000	-0.00147926
535.000	-0.000640310	535.000	-0.00163652
536.000	-0.00413034	536.000	-0.00154429
537.000	-0.00357234	537.000	-0.00281448
538.000	-0.00105106	538.000	-0.00405075
539.000	-0.00180896	539.000	-0.00271539
540.000	-0.00123259	540.000	-0.00114012
541.000	0.00160593	541.000	-0.00129167
542.000	0.00279742	542.000	-0.00193972
543.000	0.00275530	543.000	-0.00233140
544.000	-0.000201377	544.000	-0.00401415
545.000	-0.00453823	545.000	-0.00378955
546.000	-0.00648450	546.000	-0.00330004
547.000	-0.00275208	547.000	-0.00100404
548.000	-0.000935896	548.000	-0.00128897
549.000	0.00127041	549.000	-0.00252274
550.000	0.000988315	550.000	-0.00300433
551.000	-0.00202287	551.000	-0.00180361
552.000	-0.00551879	552.000	-0.00133189
553.000	-0.00253885	553.000	-0.000585090
554.000	-0.00288985	554.000	0.00149030
555.000	-0.00213788	555.000	0.00361436
556.000	-0.00454001	556.000	0.000317338
557.000	-0.000838259	557.000	0.000287193
558.000	0.00122050	558.000	-0.00155255
559.000	-0.00251154	559.000	-0.00189577
560.000	-0.000164699	560.000	-0.00246116
561.000	0.00112705	561.000	-0.00266146
562.000	0.00214860	562.000	-0.00134485
563.000	0.00113929	563.000	-0.00177649
564.000	-0.00100401	564.000	-0.00183409
565.000	-0.00209136	565.000	-0.00190067
566.000	-0.00263695	566.000	0.000103719
567.000	-0.00402612	567.000	0.000518042
568.000	-0.00456778	568.000	0.00164458
569.000	-0.00199969	569.000	-0.000521251
570.000	-0.00284889	570.000	-0.000795376
571.000	-0.00337712	571.000	-0.00163482
572.000	-0.00538714	572.000	-0.000704091
573.000	-0.00369379	573.000	-0.00205361
574.000	0.00311297	574.000	-0.00121939
575.000	0.00294711	575.000	-0.00208391
576.000	0.000697365	576.000	-0.00408071
577.000	0.000412415	577.000	-0.00335134
578.000	-0.00136286	578.000	-0.00289481
579.000	0.000107730	579.000	-0.00112985
580.000	0.00106677	580.000	-0.00210377
581.000	0.00543300	581.000	-0.000279325
582.000	0.00526013	582.000	0.000161545
583.000	0.00236196	583.000	0.000373242
584.000	-0.00262450	584.000	-0.00120344
585.000	-0.00267205	585.000	-0.000879349
586.000	-0.00355426	586.000	-0.00288242
587.000	-0.00540604	587.000	-0.000588979
588.000	-0.00325975	588.000	-0.00104261
589.000	-0.00190868	589.000	-0.00133704
590.000	-0.00165039	590.000	-0.00150063
591.000	-0.00133144	591.000	-0.00172544
592.000	-0.00275376	592.000	-0.000196552
593.000	0.00127803	593.000	0.000982939
594.000	-0.000255605	594.000	0.00263802
595.000	0.00183225	595.000	0.00214290
596.000	-0.000493220	596.000	0.00113069
597.000	-0.00283421	597.000	-0.00208729
598.000	-0.00316790	598.000	-0.00113013
599.000	-0.00406979	599.000	-0.00141759
600.000	-0.000977776	600.000	-0.000461006
601.000	-0.00264078	601.000	-0.00106777
602.000	-0.00193799	602.000	-0.000835990
603.000	-0.00758092	603.000	-0.00116350
604.000	-0.00548705	604.000	-0.00384153
605.000	-0.00528710	605.000	-0.00370225
606.000	-0.00512212	606.000	-0.00163278
607.000	-0.00342233	607.000	-0.000468984
608.000	0.00130505	608.000	-0.000947840
609.000	0.00236854	609.000	-0.00411861
610.000	0.00226168	610.000	-0.00229806
611.000	-0.00526491	611.000	0.00100930
612.000	-0.00705055	612.000	0.00206516
613.000	-0.00919452	613.000	0.00159495
614.000	-0.00762834	614.000	-1.70233e-05
615.000	-0.00847566	615.000	-0.000980809
616.000	-0.00768880	616.000	-0.000290152
617.000	-0.00669336	617.000	-0.00154520
618.000	-0.00240388	618.000	0.000424774
619.000	-0.00226320	619.000	0.00107482
620.000	0.00218887	620.000	-0.000611091
621.000	-0.00201923	621.000	-0.000448597
622.000	-0.00248820	622.000	-0.000707988
623.000	-0.00567912	623.000	-0.000377714
624.000	-0.00713798	624.000	-0.00113035
625.000	-0.00435632	625.000	-0.00181781
626.000	-0.00471581	626.000	-0.000993549
627.000	-0.00231335	627.000	-0.000240199
628.000	-0.00427445	628.000	0.000953546
629.000	-0.00421746	629.000	0.00111999
630.000	-0.00175701	630.000	-0.00177891
631.000	-0.00239401	631.000	-0.000349304
632.000	0.000646289	632.000	-0.00103219
633.000	0.000862163	633.000	-0.00137612
634.000	-0.00106217	634.000	-0.00122671
635.000	0.00213352	635.000	-0.00106466
636.000	-0.00152590	636.000	-8.61414e-06
637.000	-0.00408301	637.000	-0.000912173
638.000	-0.00651763	638.000	-0.000837676
639.000	-0.00414135	639.000	0.000457657
640.000	-0.00353764	640.000	0.000451387
641.000	-0.00454342	641.000	-0.000817342
642.000	-0.00495545	642.000	-0.00177180
643.000	-0.00351720	643.000	-0.00230317
644.000	-0.00281214	644.000	-0.00261667
645.000	-0.00406116	645.000	-0.00335789
646.000	-0.00167601	646.000	-0.00272014
647.000	-0.00482491	647.000	-0.00155659
648.000	-0.00697637	648.000	0.000301613
649.000	-0.00763074	649.000	-0.00154426
650.000	0.00199179	650.000	-0.00230690
651.000	-0.000988382	651.000	-0.00184954
652.000	-0.000638371	652.000	-0.00151940
653.000	-0.00195257	653.000	0.000230424
654.000	-0.00337843	654.000	-0.000587797
655.000	-0.00431601	655.000	0.000782050
656.000	-0.00628269	656.000	-0.000438183
657.000	-0.00772650	657.000	-4.60685e-05
658.000	-0.00611532	658.000	-0.00145688
659.000	-0.00230407	659.000	0.000800223
660.000	-0.000223425	660.000	-0.000401796
661.000	0.00368536	661.000	-0.00120220
662.000	0.00460749	662.000	-0.00137924
663.000	0.00363837	663.000	-0.00228116
664.000	-0.00178979	664.000	-0.00182482
665.000	-0.00366001	665.000	-0.000512392
666.000	-0.00445403	666.000	-0.00253370
667.000	-0.00317117	667.000	-0.00225698
668.000	-0.00677378	668.000	-0.00246777
669.000	-0.00798596	669.000	-0.000296459
670.000	-0.00903513	670.000	0.000438107
671.000	-0.00614526	671.000	0.000657490
672.000	-0.00554531	672.000	0.00144020
673.000	-0.00439092	673.000	0.000514411
674.000	-0.00411733	674.000	-0.000219247
675.000	-0.00414067	675.000	-0.00117833
676.000	-0.00245335	676.000	-0.00267273
677.000	-0.00204671	677.000	-0.00247507
678.000	-0.00425908	678.000	-0.00274355
679.000	-0.00321586	679.000	-0.00135242
680.000	4.94316e-05	680.000	-0.00127787
681.000	0.00161899	681.000	6.24005e-06
682.000	0.00210545	682.000	-0.000617123
683.000	0.00152476	683.000	0.000743975
684.000	0.000612923	684.000	-0.000175756
685.000	-0.00286700	685.000	-0.00133107
686.000	-0.00561061	686.000	-0.000938659
687.000	-0.00522125	687.000	-0.000506845
688.000	5.09720e-05	688.000	9.47162e-05
689.000	0.00152130	689.000	-0.000258799
690.000	-0.00234059	690.000	-0.000555524
691.000	-0.00675239	691.000	0.000150294
692.000	-0.00684767	692.000	0.000300372
693.000	-0.00401701	693.000	0.00103243
694.000	-0.00241686	694.000	-0.00120224
695.000	-0.00345965	695.000	-0.000994165
696.000	-0.00324440	696.000	-0.00130066
697.000	-0.00110934	697.000	-0.000890957
698.000	0.000660183	698.000	-0.00109502
699.000	0.000707055	699.000	-0.00190246
700.000	-0.00367124	700.000	-0.00403028
701.000	-0.00747044	701.000	-0.00363734
702.000	-0.00684150	702.000	-0.00197404
703.000	-0.00389135	703.000	-0.00173530
704.000	-0.000680849	704.000	-0.00100712
705.000	-0.000405293	705.000	-0.000916391
706.000	-0.00488444	706.000	-0.000569629
707.000	-0.00626467	707.000	-0.000535235
708.000	-0.00514472	708.000	-0.00109462
709.000	-0.00719326	709.000	-0.000291149
710.000	-0.0101596	710.000	-0.000507248
711.000	-0.00656242	711.000	-0.000383326
712.000	-0.00850105	712.000	-5.05681e-05
713.000	-0.00980944	713.000	-0.00134592
714.000	-0.0108454	714.000	-0.00141267
715.000	-0.0112960	715.000	-0.00189296
716.000	-0.00658421	716.000	-0.00124726
717.000	-0.00664294	717.000	-0.00177846
718.000	-0.00530158	718.000	-0.00259882
719.000	-0.00442309	719.000	-0.000834219
720.000	-0.00192536	720.000	-0.00332521
721.000	-0.000588841	721.000	-0.00144315
722.000	0.00149746	722.000	-0.00195056
723.000	-0.00159713	723.000	0.00138858
724.000	-0.00321231	724.000	0.000709013
725.000	-0.00715165	725.000	0.000990852
726.000	-0.00835998	726.000	-9.55554e-05
727.000	-0.00766361	727.000	-0.00123281
728.000	-0.00626469	728.000	-0.00104006
729.000	-0.00348619	729.000	-0.000814479
730.000	-0.00228647	730.000	-0.000357822
731.000	-0.00531248	731.000	-0.00157361
732.000	-0.00727416	732.000	-0.00153362
733.000	-0.00743714	733.000	-0.00140088
734.000	-0.00730268	734.000	-0.000156620
735.000	-0.00701566	735.000	-0.00134180
736.000	-0.0126369	736.000	-0.00152122
737.000	-0.0112746	737.000	-0.00109373
738.000	-0.00936635	738.000	-0.00260520
739.000	-0.00655401	739.000	-0.00287438
740.000	-0.00795616	740.000	-0.00346768
741.000	-0.00761661	741.000	-0.00530815
742.000	-0.0106131	742.000	-0.00502669
743.000	-0.00988184	743.000	-0.00631208
744.000	-0.0144227	744.000	-0.00257323
745.000	-0.0105904	745.000	-0.00281923
746.000	-0.0122845	746.000	-0.00220680
747.000	-0.00496357	747.000	-0.00265247
748.000	-0.0111674	748.000	-0.00209316
749.000	-0.0101946	749.000	-0.00232394
750.000	-0.0147173	750.000	-0.00240279
751.000	-0.0119512	751.000	-0.00368281
752.000	-0.0116012	752.000	-0.00333861
753.000	-0.0159895	753.000	-0.000729449
754.000	-0.0136399	754.000	0.00131562
755.000	-0.0125860	755.000	-0.00590619
756.000	-0.0132705	756.000	-0.00656180
757.000	-0.0158318	757.000	-0.00623825
758.000	-0.0131137	758.000	-0.00345870
759.000	-0.0116225	759.000	-0.00231528
760.000	-0.00904701	760.000	-0.00409433
761.000	-0.0120803	761.000	-0.00577334
762.000	-0.0139021	762.000	-0.00667053
763.000	-0.0156242	763.000	-0.00595773
764.000	-0.0140943	764.000	-0.00635326
765.000	-0.0122642	765.000	-0.00442616
766.000	-0.0107733	766.000	-0.00642860
767.000	-0.0116031	767.000	-0.00769664
768.000	-0.0115279	768.000	-0.00780722
769.000	-0.0191371	769.000	-0.00475714
770.000	-0.0166500	770.000	-0.00471522
771.000	-0.0130391	771.000	-0.00341272
772.000	-0.0122341	772.000	-0.00298680
773.000	-0.0137520	773.000	-0.00181447
774.000	-0.0174100	774.000	0.000691671
775.000	-0.0159936	775.000	0.000315422
776.000	-0.0184822	776.000	0.000882351
777.000	-0.0151163	777.000	-0.00146859
778.000	-0.0167247	778.000	-0.00436882
779.000	-0.0183038	779.000	-0.00719025
780.000	-0.0150047	780.000	-0.00694098
781.000	-0.00810206	781.000	-0.00729572
782.000	-0.0111378	782.000	-0.00622639
783.000	-0.0223093	783.000	-0.00501044
784.000	-0.0238257	784.000	-0.00302033
785.000	-0.0259096	785.000	-0.00670468
786.000	-0.0236344	786.000	-0.00641872
787.000	-0.0281543	787.000	-0.00720900
788.000	-0.0274008	788.000	-0.00524304
789.000	-0.0331519	789.000	-0.00284003
790.000	-0.0335150	790.000	-0.00345171
791.000	-0.0348506	791.000	-0.00564383
792.000	-0.0235597	792.000	-0.00684556
793.000	-0.0230470	793.000	-0.00756890
794.000	-0.0211074	794.000	-0.00553507
795.000	-0.0238091	795.000	-0.00560159
796.000	-0.0271119	796.000	-0.00382720
797.000	-0.0296711	797.000	-0.00942391
798.000	-0.0306293	798.000	-0.00961266
799.000	-0.0243477	799.000	-0.00619479
800.000	-0.0231183	800.000	-0.00567207
801.000	-0.0223641	801.000	-0.00878945
802.000	-0.0299292	802.000	-0.0108438
803.000	-0.0290424	803.000	-0.00999241
804.000	-0.0307883	804.000	-0.00717175
805.000	-0.0312456	805.000	-0.00751894
806.000	-0.0254397	806.000	-0.00790918
807.000	-0.0231030	807.000	-0.0119407
808.000	-0.0229171	808.000	-0.0114051
809.000	-0.0302337	809.000	-0.0103672
810.000	-0.0258751	810.000	-0.00551689
811.000	-0.0220136	811.000	-0.00882360
812.000	-0.0187799	812.000	-0.00850426
813.000	-0.0236316	813.000	-0.00842211
814.000	-0.0275793	814.000	-0.00515324
815.000	-0.0288791	815.000	-0.0104007
816.000	-0.0344093	816.000	-0.0103038
817.000	-0.0368846	817.000	-0.0129708
818.000	-0.0342750	818.000	-0.00994888
819.000	-0.0316434	819.000	-0.0123848
820.000	-0.0275512	820.000	-0.0131053
821.000	-0.0244063	821.000	-0.0101681
822.000	-0.0223324	822.000	-0.00950795
823.000	-0.0221668	823.000	-0.0109534
824.000	-0.0207545	824.000	-0.0118744
825.000	-0.0201781	825.000	-0.0125671
826.000	-0.0215030	826.000	-0.0159257
827.000	-0.0243664	827.000	-0.0155553
828.000	-0.0278128	828.000	-0.0114307
829.000	-0.0284252	829.000	-0.00794860
830.000	-0.0289162	830.000	-0.00936510
831.000	-0.0302032	831.000	-0.00818683
832.000	-0.0263712	832.000	-0.00965474
833.000	-0.0203579	833.000	-0.00726592
834.000	-0.0218230	834.000	-0.00836007
835.000	-0.0125016	835.000	-0.00876597
836.000	-0.0171300	836.000	-0.0147005
837.000	-0.0235849	837.000	-0.0101317
838.000	-0.0322398	838.000	-0.00865587
839.000	-0.0327991	839.000	-0.00747956
840.000	-0.0308388	840.000	-0.0112261
841.000	-0.0322729	841.000	-0.0123740
842.000	-0.0331007	842.000	-0.00833537
843.000	-0.0384983	843.000	-0.00720206
844.000	-0.0341146	844.000	-0.00834934
845.000	-0.0302761	845.000	-0.00809493
846.000	-0.0294735	846.000	-0.00494331
847.000	-0.0288317	847.000	-0.00620282
848.000	-0.0302919	848.000	-0.00830455
849.000	-0.0301691	849.000	-0.0118700
850.000	-0.0293603	850.000	-0.0118686
851.000	-0.0309750	851.000	-0.0133793
852.000	-0.0291918	852.000	-0.0121631
853.000	-0.0275224	853.000	-0.00977969
854.000	-0.0363561	854.000	-0.00601602
855.000	-0.0356766	855.000	-0.00804912
856.000	-0.0375128	856.000	-0.00697879
857.000	-0.0314097	857.000	-0.00857171
858.000	-0.0353407	858.000	-0.00983803
859.000	-0.0316582	859.000	-0.00815830
860.000	-0.0368807	860.000	-0.00784349
861.000	-0.0326099	861.000	-0.00634707
862.000	-0.0331848	862.000	-0.00769606
863.000	-0.0366798	863.000	-0.00621849
864.000	-0.0397781	864.000	-0.00650538
865.000	-0.0368502	865.000	-0.00733745
866.000	-0.0402314	866.000	-0.0111975
867.000	-0.0357648	867.000	-0.0123650
868.000	-0.0379825	868.000	-0.0119953
869.000	-0.0340244	869.000	-0.0104638
870.000	-0.0315148	870.000	-0.00989300
871.000	-0.0373651	871.000	-0.00850762
872.000	-0.0415569	872.000	-0.00899806
873.000	-0.0440285	873.000	-0.0115137
874.000	-0.0372484	874.000	-0.0115572
875.000	-0.0352361	875.000	-0.0104200
876.000	-0.0316472	876.000	-0.0105248
877.000	-0.0385648	877.000	-0.0126327
878.000	-0.0384864	878.000	-0.0115847
879.000	-0.0380960	879.000	-0.00991267
880.000	-0.0383022	880.000	-0.00967366
881.000	-0.0318634	881.000	-0.00952349
882.000	-0.0320025	882.000	-0.00743018
883.000	-0.0358380	883.000	-0.00588551
884.000	-0.0345360	884.000	-0.00617473
885.000	-0.0272245	885.000	-0.00742204
886.000	-0.0238776	886.000	-0.00781103
887.000	-0.0335363	887.000	-0.00861965
888.000	-0.0362664	888.000	-0.00891187
889.000	-0.0328563	889.000	-0.00495517
890.000	-0.0360737	890.000	-0.00525782
891.000	-0.0327630	891.000	-0.00597010
892.000	-0.0387073	892.000	-0.00812512
893.000	-0.0392873	893.000	-0.00710041
894.000	-0.0399119	894.000	-0.00848081
895.000	-0.0323520	895.000	-0.00785248
896.000	-0.0292653	896.000	-0.00945961
897.000	-0.0305505	897.000	-0.00931928
898.000	-0.0323312	898.000	-0.00989546
899.000	-0.0338414	899.000	-0.00945043
900.000	-0.0352283	900.000	-0.0112001
901.000	-0.0421442	901.000	-0.0105949
902.000	-0.0434278	902.000	-0.00939472
903.000	-0.0337712	903.000	-0.00857484
904.000	-0.0325910	904.000	-0.00849555
905.000	-0.0217944	905.000	-0.00752728
906.000	-0.0265159	906.000	-0.00947736
907.000	-0.0346332	907.000	-0.0115367
908.000	-0.0346778	908.000	-0.00998157
909.000	-0.0392370	909.000	-0.0126149
910.000	-0.0337492	910.000	-0.0100570
911.000	-0.0400450	911.000	-0.0127375
912.000	-0.0397244	912.000	-0.0163593
913.000	-0.0375456	913.000	-0.0147740
914.000	-0.0329455	914.000	-0.0115605
915.000	-0.0295981	915.000	-0.0123432
916.000	-0.0272505	916.000	-0.0133997
917.000	-0.0265624	917.000	-0.0120009
918.000	-0.0291378	918.000	-0.00847387
919.000	-0.0324274	919.000	-0.00743670
920.000	-0.0360872	920.000	-0.00672286
921.000	-0.0260126	921.000	-0.00849785
922.000	-0.0268944	922.000	-0.0113058
923.000	-0.0299882	923.000	-0.0101045
924.000	-0.0316415	924.000	-0.00628836
925.000	-0.0301155	925.000	-0.00302730
926.000	-0.0253135	926.000	-0.00907687
927.000	-0.0292138	927.000	-0.0112210
928.000	-0.0325047	928.000	-0.0133211
929.000	-0.0345547	929.000	-0.0130892
930.000	-0.0307455	930.000	-0.0120739
931.000	-0.0278524	931.000	-0.00917578
932.000	-0.0264785	932.000	-0.00626736
933.000	-0.0204599	933.000	-0.00555094
934.000	-0.0261139	934.000	-0.00574615
935.000	-0.0265488	935.000	-0.0103037
936.000	-0.0330102	936.000	-0.0110103
937.000	-0.0300855	937.000	-0.00920175
938.000	-0.0293265	938.000	-0.00869571
939.000	-0.0260754	939.000	-0.00973590
940.000	-0.0249870	940.000	-0.00692709
941.000	-0.0258853	941.000	-0.00684029
942.000	-0.0263336	942.000	-0.00776759
943.000	-0.0244193	943.000	-0.00809278
944.000	-0.0194127	944.000	-0.00905227
945.000	-0.0200055	945.000	-0.00853498
946.000	-0.0201807	946.000	-0.0110240
947.000	-0.0244668	947.000	-0.00874604
948.000	-0.0218672	948.000	-0.00857555
949.000	-0.0252397	949.000	-0.00735299
950.000	-0.0262881	950.000	-0.00737570
951.000	-0.0244221	951.000	-0.00566011
952.000	-0.0192937	952.000	-0.00597718
953.000	-0.0212487	953.000	-0.00593133
954.000	-0.0208004	954.000	-0.00762048
955.000	-0.0225304	955.000	-0.00683670
956.000	-0.0214037	956.000	-0.00674453
957.000	-0.0242581	957.000	-0.00446009
958.000	-0.0215629	958.000	-0.00572729
959.000	-0.0205079	959.000	-0.00521412
960.000	-0.0252273	960.000	-0.00706781
961.000	-0.0299524	961.000	-0.00595400
962.000	-0.0273182	962.000	-0.00977540
963.000	-0.0230209	963.000	-0.00577422
964.000	-0.0175074	964.000	-0.00681688
965.000	-0.0234432	965.000	-0.00227308
966.000	-0.0162810	966.000	-0.00641169
967.000	-0.0204373	967.000	-0.00533619
968.000	-0.0191360	968.000	-0.00512003
969.000	-0.0187341	969.000	-0.00370586
970.000	-0.0180951	970.000	-0.00296753
971.000	-0.0222305	971.000	-0.00184112
972.000	-0.0212090	972.000	-0.00165903
973.000	-0.0122165	973.000	-0.00450285
974.000	-0.00402697	974.000	-0.00760457
975.000	-0.00555610	975.000	-0.00705544
976.000	-0.00836332	976.000	-0.00682682
977.000	-0.0109576	977.000	-0.00622256
978.000	-0.0147760	978.000	-0.00669093
979.000	-0.0142034	979.000	-0.00554219
980.000	-0.0149564	980.000	-0.00464880
981.000	-0.0132082	981.000	-0.00371688
982.000	-0.0148753	982.000	-0.00381986
983.000	-0.0109718	983.000	-0.00682147
984.000	-0.00984235	984.000	-0.00782957
985.000	-0.0108000	985.000	-0.00482327
986.000	-0.0143074	986.000	0.000671937
987.000	-0.0161214	987.000	0.000163099
988.000	-0.0152791	988.000	-0.00336710
989.000	-0.00759289	989.000	-0.00570056
990.000	-0.00674027	990.000	-0.00520729
991.000	-0.00535496	991.000	-0.00356975
992.000	-0.00508520	992.000	-0.00172468
993.000	-0.00953742	993.000	-0.00219478
994.000	-0.00616494	994.000	-0.00278232
995.000	-0.00912566	995.000	-0.000660455
996.000	-0.00819051	996.000	-0.00371530
997.000	-0.00954627	997.000	-0.00353183
998.000	-0.00391674	998.000	-0.00243258
999.000	-0.00590774	999.000	-0.00325336
1000.00	-0.00582046	1000.00	-0.00395068
1001.00	-0.00816080	1001.00	-0.00587314
1002.00	-0.00971802	1002.00	-0.00342594
1003.00	-0.00665868	1003.00	-0.00361346
1004.00	-0.00900331	1004.00	-0.00299023
1005.00	-0.0110742	1005.00	-0.00226494
1006.00	-0.0124067	1006.00	-0.00145654
1007.00	-0.00855892	1007.00	-0.000782155
1008.00	-0.00231336	1008.00	-0.00163784
1009.00	0.00367349	1009.00	-0.00410848
1010.00	0.00519090	1010.00	-0.00563464
1011.00	0.00319361	1011.00	-0.00491498
1012.00	-0.000445736	1012.00	-0.00403066
1013.00	-0.000478129	1013.00	-0.00323565
1014.00	-0.00210756	1014.00	-0.00521382
1015.00	-0.00585938	1015.00	-0.00589726
1016.00	-0.0109592	1016.00	-0.00468076
1017.00	-0.00765055	1017.00	-0.00220204
1018.00	-0.00505485	1018.00	-0.00181193
1019.00	-0.00543732	1019.00	-0.00335231
1020.00	-0.00517609	1020.00	-0.00322672
1021.00	-0.00668813	1021.00	0.000275847
1022.00	-0.00123456	1022.00	8.51331e-05
1023.00	-0.00279614	1023.00	-0.000564560
1024.00	-0.00206269	1024.00	-0.00186159
1025.00	-0.00193179	1025.00	-0.00266239
1026.00	-0.00106162	1026.00	-0.00222312
1027.00	0.000828381	1027.00	-0.00149495
1028.00	-0.000172597	1028.00	-0.000519577
1029.00	0.000142586	1029.00	-0.00204724
1030.00	-0.00408281	1030.00	-0.00120401
1031.00	-0.00566792	1031.00	-0.00217438
1032.00	-0.00639578	1032.00	-0.00122906
1033.00	-0.00663968	1033.00	-6.43458e-05
1034.00	-0.00539837	1034.00	-0.00119526
1035.00	-0.00573927	1035.00	-0.00193463
1036.00	-0.00301019	1036.00	-0.00215412
1037.00	-0.00543052	1037.00	-0.00177053
1038.00	-0.00321984	1038.00	-0.00226225
1039.00	-0.00498173	1039.00	-0.00195426
1040.00	-0.00452353	1040.00	-0.00255519
1041.00	-0.00368376	1041.00	-0.000213642
1042.00	-0.000112094	1042.00	0.000151600
1043.00	-0.00246619	1043.00	0.000662166
1044.00	-0.00143451	1044.00	-0.000464231
1045.00	-0.00271903	1045.00	-0.000126331
1046.00	0.000804127	1046.00	-0.00224746
1047.00	0.00237611	1047.00	-0.00146690
1048.00	0.00300223	1048.00	-0.00164402
1049.00	0.00210371	1049.00	-0.00149967
1050.00	0.00145027	1050.00	-0.00210377
1051.00	-6.52815e-05	1051.00	-0.00224276
1052.00	-0.00218463	1052.00	0.00122881
1053.00	-0.00625841	1053.00	0.00245263
1054.00	-0.00141361	1054.00	0.000996350
1055.00	-0.00136906	1055.00	0.00113596
1056.00	-0.000582208	1056.00	0.00155729
1057.00	-0.00374449	1057.00	0.00267981
1058.00	0.000432417	1058.00	0.00153510
1059.00	0.000369170	1059.00	-0.000900780
1060.00	0.00139796	1060.00	3.63155e-05
1061.00	-0.000858768	1061.00	-0.000972178
1062.00	0.000287558	1062.00	0.000475317
1063.00	-0.00203350	1063.00	0.00185611
1064.00	-0.00162892	1064.00	0.00319528
1065.00	-0.00157312	1065.00	0.00197886
1066.00	0.000357809	1066.00	0.000397397
1067.00	0.00144920	1067.00	-0.00226573
1068.00	0.00232458	1068.00	-0.000147151
1069.00	0.000787189	1069.00	0.000734964
1070.00	-0.000534458	1070.00	0.000349863
1071.00	0.000660953	1071.00	-0.00280738
1072.00	0.00176205	1072.00	-0.00190599
1073.00	-0.00131345	1073.00	-0.00218350
1074.00	0.00203025	1074.00	-0.00280431
1075.00	0.000494009	1075.00	-0.00329881
1076.00	0.000683774	1076.00	-0.000774042
1077.00	-0.00171233	1077.00	-0.000314027
1078.00	-0.00201286	1078.00	0.000438963
1079.00	-0.00214610	1079.00	-0.000318322
1080.00	0.00128472	1080.00	0.00120829
1081.00	0.00282564	1081.00	0.000976774
1082.00	-0.00273957	1082.00	0.000445247
1083.00	-0.000410495	1083.00	-2.63229e-05
1084.00	-0.00111462	1084.00	-2.46947e-06
1085.00	0.00230082	1085.00	-0.000513547
1086.00	0.00451561	1086.00	-0.000865995
1087.00	0.00529684	1087.00	0.000140856
1088.00	0.00233739	1088.00	6.67076e-05
1089.00	0.00308887	1089.00	-0.00222417
1090.00	3.87499e-05	1090.00	-0.00111463
1091.00	0.00465520	1091.00	-0.000340666
1092.00	0.00204190	1092.00	-0.000326096
1093.00	0.000940182	1093.00	-0.000708394
1094.00	-0.00114513	1094.00	-0.000105476
1095.00	-0.00155962	1095.00	-0.000205636
1096.00	0.000854722	1096.00	-0.000883307
1097.00	0.000307049	1097.00	-0.00120022
1098.00	0.00307855	1098.00	-0.00237371
1099.00	0.00213906	1099.00	-0.00232825
1100.00	-7.32036e-05	1100.00	-0.00213587
1101.00	-0.00166812	1101.00	-1.36633e-06
1102.00	-0.00335737	1102.00	-7.04560e-05
1103.00	-0.00166692	1103.00	0.000916606
1104.00	-0.00189528	1104.00	0.000511196
1105.00	-0.000418981	1105.00	0.000423418
1106.00	0.00218646	1106.00	2.26184e-05
1107.00	0.00158013	1107.00	0.000584180
1108.00	-0.00144587	1108.00	0.00189092
1109.00	-0.00358354	1109.00	0.000657114
1110.00	-0.00250820	1110.00	0.00144810
1111.00	0.00157558	1111.00	0.000273077
1112.00	0.00352909	1112.00	0.000370165
1113.00	0.00510167	1113.00	-0.000465191
1114.00	0.00321108	1114.00	0.000419946
1115.00	0.00149109	1115.00	-0.000546005
1116.00	0.00258032	1116.00	0.000151273
1117.00	0.000954432	1117.00	-0.000465582
1118.00	-0.000601626	1118.00	-0.00170298
1119.00	-0.00202456	1119.00	-0.00302902
1120.00	-0.00102462	1120.00	-0.00345725
1121.00	-0.00122446	1121.00	-0.00167751
1122.00	-0.00121251	1122.00	-0.000672332
1123.00	-0.00172372	1123.00	-0.000339741
1124.00	0.000296997	1124.00	-0.000688519
1125.00	-0.00299584	1125.00	-0.000729284
1126.00	-0.00101418	1126.00	-0.000657210
1127.00	-0.000157587	1127.00	-0.000820891
1128.00	0.00214268	1128.00	0.00135037
1129.00	0.00101348	1129.00	0.00165541
1130.00	0.000159675	1130.00	0.00263005
1131.00	0.00245141	1131.00	0.000924213
1132.00	0.00217142	1132.00	-0.000131644
1133.00	0.00114506	1133.00	0.000103133
1134.00	-0.00149080	1134.00	-0.000175593
1135.00	-0.00132798	1135.00	-0.000672596
1136.00	-0.00114157	1136.00	-0.000780186
1137.00	0.00184771	1137.00	0.000140013
1138.00	0.000972329	1138.00	-0.00140793
1139.00	0.000205039	1139.00	-0.00146911
1140.00	0.00183027	1140.00	-0.00155320
1141.00	0.00154136	1141.00	-0.000293109
1142.00	-0.000246860	1142.00	0.000281092
1143.00	-0.00228942	1143.00	0.000263012
1144.00	-0.00269105	1144.00	0.00170916
1145.00	-0.000409534	1145.00	-8.73638e-05
1146.00	0.00162463	1146.00	-0.00113887
1147.00	0.00245792	1147.00	-0.00137597
1148.00	0.000967814	1148.00	-0.000409883
1149.00	5.86909e-05	1149.00	-0.000232546
1150.00	0.00106156	1150.00	-0.000324388
1151.00	0.00126057	1151.00	0.000118669
1152.00	0.00385380	1152.00	-0.000493387
1153.00	0.00367010	1153.00	-0.000607642
1154.00	0.00420330	1154.00	-0.000855541
1155.00	0.00392349	1155.00	-0.000103912
1156.00	0.00221141	1156.00	-0.000357971
1157.00	0.00132774	1157.00	-0.000612288
1158.00	0.00147472	1158.00	-6.50263e-05
1159.00	0.00141208	1159.00	-0.000563551
1160.00	0.00235580	1160.00	-0.000928076
1161.00	0.000693639	1161.00	-0.00231432
1162.00	0.00133275	1162.00	-0.000412274
1163.00	6.88852e-06	1163.00	-0.000737503
1164.00	0.000108344	1164.00	-0.000365696
1165.00	-0.00269152	1165.00	-0.000991188
1166.00	-0.00402405	1166.00	-0.000150509
1167.00	-0.00355970	1167.00	-0.000768298
1168.00	-0.00122747	1168.00	-0.000760982
1169.00	9.76790e-05	1169.00	6.46165e-05
1170.00	0.000843051	1170.00	0.000488613
1171.00	0.000604876	1171.00	0.000737593
1172.00	0.000823881	1172.00	0.000378436
1173.00	-0.00293331	1173.00	0.000757622
1174.00	-0.00263194	1174.00	-0.00125418
1175.00	-0.00281600	1175.00	-0.000116504
1176.00	-0.000377284	1176.00	-0.00119408
1177.00	-0.00372262	1177.00	-0.000543243
1178.00	-0.00112382	1178.00	-0.000728506
1179.00	-0.00365758	1179.00	-0.000849465
1180.00	0.00139549	1180.00	-0.00154874
1181.00	0.00227220	1181.00	-0.000633160
1182.00	0.00116698	1182.00	0.000708063
1183.00	0.000914217	1183.00	0.00103361
1184.00	9.27185e-05	1184.00	0.000234989
1185.00	0.000161317	1185.00	-0.000800026
1186.00	-0.000764674	1186.00	-0.000888308
1187.00	-0.000161668	1187.00	-0.00105622
1188.00	-0.000478315	1188.00	-0.00108205
1189.00	0.00199083	1189.00	-0.00116583
1190.00	0.00236851	1190.00	-0.000264318
1191.00	0.00212414	1191.00	0.000258527
1192.00	-0.00138528	1192.00	0.000225687
1193.00	-0.00131160	1193.00	0.000253525
1194.00	-0.000430292	1194.00	0.000436800
1195.00	0.000772707	1195.00	-0.000859200
1196.00	-0.000840556	1196.00	-0.000699924
1197.00	0.000223498	1197.00	-0.000733973
1198.00	0.00175797	1198.00	-9.93879e-06
1199.00	0.00367997	1199.00	-8.64516e-05
1200.00	0.00311019	1200.00	0.000266301
1201.00	-0.00179141	1201.00	0.000537564
1202.00	-0.00213720	1202.00	0.00116717
1203.00	-0.00159489	1203.00	0.000521494
1204.00	5.04286e-06	1204.00	0.000568591
1205.00	-0.000648125	1205.00	0.000102656
1206.00	-0.00219545	1206.00	0.000873820
1207.00	-0.000496913	1207.00	0.000572452
1208.00	0.00108972	1208.00	-0.000664777
1209.00	0.00112007	1209.00	-0.000372962
1210.00	-0.00129289	1210.00	-0.00132340
1211.00	0.000675386	1211.00	-0.00121683
1212.00	0.00245222	1212.00	-0.00191191
1213.00	0.00188456	1213.00	0.000644001
1214.00	0.000422350	1214.00	0.000293757
1215.00	0.00149680	1215.00	0.000585391
1216.00	0.00224351	1216.00	-0.000151592
1217.00	0.00289077	1217.00	-0.000924312
1218.00	0.00223159	1218.00	-0.00113174
1219.00	0.000305137	1219.00	-0.000833344
1220.00	0.00169115	1220.00	-0.00125457
1221.00	-0.00138371	1221.00	-0.000210869
1222.00	-0.00239344	1222.00	0.000184612
1223.00	0.000392385	1223.00	-0.00150977
1224.00	0.000644196	1224.00	-0.000756778
1225.00	0.00109929	1225.00	-0.000490004
1226.00	-0.00332910	1226.00	6.83154e-06
1227.00	-0.00195509	1227.00	0.000787539
1228.00	-0.00200997	1228.00	-0.000516701
1229.00	0.000145944	1229.00	-0.00118510
1230.00	-0.000857712	1230.00	-0.000433559
1231.00	4.73956e-07	1231.00	-2.65556e-05
1232.00	-0.00130299	1232.00	0.000270860
1233.00	8.29817e-05	1233.00	0.000189607
1234.00	0.000220988	1234.00	0.000560253
1235.00	-0.000442061	1235.00	0.00127174
1236.00	0.00173112	1236.00	-0.000239590
1237.00	0.00125330	1237.00	-0.00112204
1238.00	0.00208119	1238.00	0.000374970
1239.00	0.00127629	1239.00	0.000548112
1240.00	-0.00342339	1240.00	0.000549872
1241.00	-0.00196865	1241.00	0.000994724
1242.00	-0.00370251	1242.00	0.000951215
1243.00	-0.000925372	1243.00	-0.000118981
1244.00	-0.000236338	1244.00	-0.00135882
1245.00	0.000443459	1245.00	-0.00148181
1246.00	0.000409934	1246.00	-0.000960638
1247.00	-0.00113868	1247.00	-0.000472402
1248.00	-0.00114360	1248.00	0.000346557
1249.00	-0.00105247	1249.00	-0.000330677
1250.00	0.000387098	1250.00	0.000553325
1251.00	0.000657483	1251.00	-0.000198886
1252.00	-0.00244239	1252.00	0.00211739
1253.00	-0.00466627	1253.00	0.000583466
1254.00	-0.00204428	1254.00	-8.90998e-05
1255.00	0.00364076	1255.00	-0.000864718
1256.00	0.00249890	1256.00	-7.13251e-05
1257.00	-0.00285009	1257.00	0.000947346
1258.00	-0.00427887	1258.00	0.000945995
1259.00	-0.00312157	1259.00	0.00109931
1260.00	-0.000791286	1260.00	0.000294612
1261.00	-0.000237041	1261.00	0.000350305
1262.00	0.00212792	1262.00	-0.00120931
1263.00	0.00128997	1263.00	-0.00270774
1264.00	0.00167930	1264.00	-0.000409313
1265.00	0.00228548	1265.00	0.000154948
1266.00	0.00271459	1266.00	0.000162168
1267.00	0.00133822	1267.00	0.000128695
1268.00	-5.62149e-05	1268.00	-0.000694142
1269.00	-0.000489212	1269.00	-0.00143663
1270.00	0.000471437	1270.00	-0.00254669
1271.00	0.000578223	1271.00	-0.00193285
1272.00	0.000173413	1272.00	-6.80265e-05
1273.00	-0.00148686	1273.00	-0.000129723
1274.00	-0.000127578	1274.00	-1.98617e-06
1275.00	0.00123348	1275.00	-0.00117650
1276.00	-0.000633143	1276.00	-0.000427943
1277.00	0.00294529	1277.00	-0.00200995
1278.00	0.00163718	1278.00	-0.00250497
1279.00	0.00218526	1279.00	-0.00159525
1280.00	0.00180485	1280.00	-0.000836702
1281.00	0.000596022	1281.00	0.000956090
1282.00	0.00202760	1282.00	0.000525065
1283.00	0.000186510	1283.00	-0.000546322
1284.00	0.00209608	1284.00	0.000150060
1285.00	0.00199340	1285.00	0.000894737
1286.00	0.000235947	1286.00	0.000317876
1287.00	-0.00149311	1287.00	-0.000339500
1288.00	-0.00139383	1288.00	-0.00176551
1289.00	0.00199567	1289.00	-0.000565824
1290.00	0.00246444	1290.00	-0.000595400
1291.00	0.00455916	1291.00	0.00148214
1292.00	0.00416469	1292.00	-0.000405791
1293.00	0.00473377	1293.00	-0.000644689
1294.00	0.00148558	1294.00	-0.000806288
1295.00	-0.00108432	1295.00	0.000487048
1296.00	-0.00137402	1296.00	0.00117286
1297.00	2.01742e-05	1297.00	0.00117262
1298.00	0.00325506	1298.00	0.000467396
1299.00	0.00195183	1299.00	0.000187370
1300.00	0.00278212	1300.00	-0.000726005
1301.00	0.000882760	1301.00	-0.000188288
1302.00	0.00116811	1302.00	-0.000756051
1303.00	9.11687e-05	1303.00	-0.000425216
1304.00	0.000456207	1304.00	-0.000301439
1305.00	0.00124534	1305.00	-0.00100815
1306.00	-0.000637689	1306.00	-0.000832927
1307.00	0.000725387	1307.00	-0.000926533
1308.00	0.00135264	1308.00	0.000663286
1309.00	0.00252304	1309.00	0.00140956
1310.00	0.00154342	1310.00	-7.10950e-05
1311.00	0.00275828	1311.00	0.000382437
1312.00	0.00361634	1312.00	-0.00199036
1313.00	0.00368126	1313.00	-0.00146153
1314.00	0.00347017	1314.00	-0.00134610
1315.00	0.00383066	1315.00	-0.000239241
1316.00	0.000327863	1316.00	0.000209733
1317.00	-0.00333296	1317.00	0.000403169
1318.00	-0.00458320	1318.00	0.000196504
1319.00	1.75867e-05	1319.00	-0.000376885
1320.00	0.000563516	1320.00	-0.000887985
1321.00	0.000961461	1321.00	-0.000801307
1322.00	0.00185024	1322.00	-0.000557605
1323.00	0.00551505	1323.00	-0.00161731
1324.00	0.00362273	1324.00	-0.00158786
1325.00	0.00241522	1325.00	-0.00197069
1326.00	-0.00201946	1326.00	-0.00152889
1327.00	0.00263439	1327.00	-0.00101686
1328.00	0.00310189	1328.00	-0.000956438
1329.00	0.00358502	1329.00	-0.00120282
1330.00	0.00295749	1330.00	-0.00230995
1331.00	0.00184727	1331.00	-0.00113191
1332.00	-0.000518110	1332.00	-0.000497076
1333.00	0.00107332	1333.00	0.000313872
1334.00	0.000529815	1334.00	0.000306522
1335.00	0.00156012	1335.00	-0.000914091
1336.00	-0.000950791	1336.00	-0.000517790
1337.00	0.00269662	1337.00	0.000157995
1338.00	0.00451419	1338.00	-0.000806259
1339.00	0.00437111	1339.00	-0.00112668
1340.00	3.55674e-05	1340.00	-0.00183607
1341.00	0.000381193	1341.00	-0.00168850
1342.00	-0.00130422	1342.00	-0.000585808
1343.00	0.00104145	1343.00	0.000246021
1344.00	0.00182851	1344.00	-0.000184294
1345.00	0.00140914	1345.00	0.000752339
1346.00	0.00256123	1346.00	-0.000853652
1347.00	-0.00130276	1347.00	0.000494202
1348.00	-0.00285936	1348.00	5.28253e-05
1349.00	-0.00339937	1349.00	-0.000924684
1350.00	-0.000787927	1350.00	-0.00117057
1351.00	0.00173650	1351.00	-0.00116151
1352.00	-0.000949943	1352.00	0.000242511
1353.00	-0.000285518	1353.00	0.000224357
1354.00	-0.000551202	1354.00	-0.00114346
1355.00	-0.000694698	1355.00	-0.00148103
1356.00	-0.000630274	1356.00	-0.00107543
1357.00	-0.00113371	1357.00	0.000521775
1358.00	0.00357722	1358.00	0.000792700
1359.00	0.00331742	1359.00	0.000882248
1360.00	0.00282541	1360.00	0.000187814
1361.00	0.00365167	1361.00	-0.00154104
1362.00	0.00102480	1362.00	-0.000444568
1363.00	8.10223e-05	1363.00	-0.000485618
1364.00	-0.00175552	1364.00	0.00117885
1365.00	0.000889286	1365.00	0.00114376
1366.00	0.000863548	1366.00	0.000528797
1367.00	-0.00288117	1367.00	8.68092e-05
1368.00	-9.72032e-05	1368.00	-0.000955308
1369.00	0.000457220	1369.00	-0.00164813
1370.00	0.00451095	1370.00	-0.00108776
1371.00	0.00316553	1371.00	-0.000955100
1372.00	0.00296994	1372.00	0.000726659
1373.00	0.00336349	1373.00	0.00133021
1374.00	0.00339695	1374.00	6.10995e-05
1375.00	0.00133722	1375.00	0.000392611
1376.00	-0.000958261	1376.00	0.000432915
1377.00	-0.00327079	1377.00	0.00114569
1378.00	-0.00220286	1378.00	0.000473740
1379.00	-0.000659252	1379.00	-0.000171759
1380.00	-0.000852142	1380.00	-0.000327879
1381.00	-0.000788695	1381.00	0.000457686
1382.00	-0.00466746	1382.00	0.00108857
1383.00	-0.000921836	1383.00	0.00130269
1384.00	-0.00169081	1384.00	-3.22795e-05
1385.00	0.000971929	1385.00	-0.00123888
1386.00	0.00120756	1386.00	-0.00101872
1387.00	0.00268249	1387.00	0.000125718
1388.00	-0.000851761	1388.00	0.000805647
1389.00	-0.00121468	1389.00	0.00111442
1390.00	-0.00238695	1390.00	-5.20315e-05
1391.00	-0.00104971	1391.00	-0.000865534
1392.00	-0.00344653	1392.00	-0.000767763
1393.00	-0.00325251	1393.00	0.000283653
1394.00	-0.00108322	1394.00	0.000924683
1395.00	0.00130325	1395.00	0.000912292
1396.00	0.00275725	1396.00	0.000211638
1397.00	0.00249244	1397.00	-0.000608579
1398.00	0.00125576	1398.00	-0.000645374
1399.00	-0.000380963	1399.00	0.000924873
1400.00	0.000649838	1400.00	-9.69659e-05
1401.00	0.00255829	1401.00	-0.000860069
1402.00	0.00183136	1402.00	-0.00159918
1403.00	0.00190764	1403.00	-0.00256812
1404.00	0.00203904	1404.00	-0.00185311
1405.00	0.00160235	1405.00	-0.000933772
1406.00	0.000840601	1406.00	-0.000354169
1407.00	-0.00156287	1407.00	0.000344891
1408.00	-0.00236414	1408.00	0.000669060
1409.00	-0.00215624	1409.00	-0.00119870
1410.00	-0.00209469	1410.00	-0.00105767
1411.00	-0.00145526	1411.00	-0.000422111
1412.00	0.00139242	1412.00	0.000714245
1413.00	0.00145958	1413.00	0.000703564
1414.00	0.000802008	1414.00	0.00128982
1415.00	0.000651193	1415.00	0.000518569
1416.00	-0.00111099	1416.00	0.000399859
1417.00	-0.000405076	1417.00	0.000451251
1418.00	-0.00238906	1418.00	0.000759292
1419.00	-0.00239135	1419.00	0.000361733
1420.00	-0.000631501	1420.00	0.000691570
1421.00	0.00165985	1421.00	-0.000476271
1422.00	0.00162941	1422.00	-0.000511127
1423.00	0.000308533	1423.00	0.000523574
1424.00	0.000995605	1424.00	0.000484947
1425.00	0.00144030	1425.00	-0.000344577
1426.00	-0.000238150	1426.00	-0.00102026
1427.00	-0.00278063	1427.00	-0.00171806
1428.00	-0.000986799	1428.00	-0.000785518
1429.00	-0.00203164	1429.00	-0.000833885
1430.00	0.00246521	1430.00	-0.00130546
1431.00	0.00173498	1431.00	-0.00109578
1432.00	0.00141589	1432.00	-0.00122908
1433.00	-0.00168105	1433.00	-0.000362513
1434.00	-0.000482749	1434.00	-0.00217808
1435.00	0.00130677	1435.00	-0.000950375
1436.00	0.00180468	1436.00	-0.000796996
1437.00	0.00135516	1437.00	0.000400170
1438.00	0.000381953	1438.00	-0.000200391
1439.00	8.63405e-05	1439.00	-0.00115934
1440.00	0.000295288	1440.00	-0.00145814
1441.00	0.00207292	1441.00	-0.000815665
1442.00	0.00297574	1442.00	-0.000437699
1443.00	0.00238726	1443.00	0.000387790
1444.00	0.00225969	1444.00	-0.000648869
1445.00	0.00147957	1445.00	-4.05331e-05
1446.00	-0.000246231	1446.00	0.00104799
1447.00	0.000610357	1447.00	0.000841569
1448.00	-0.000574890	1448.00	0.000551631
1449.00	-0.000378557	1449.00	0.000771221
1450.00	0.000304712	1450.00	-0.000108254
1451.00	-0.000716459	1451.00	0.000828632
1452.00	-0.000112175	1452.00	0.000756292
1453.00	0.00115302	1453.00	-0.000174184
1454.00	0.00272895	1454.00	-0.000413734
1455.00	0.00423109	1455.00	-0.00114781
1456.00	0.00466451	1456.00	-0.00103478
1457.00	0.00189415	1457.00	-0.00114352
1458.00	0.00282151	1458.00	7.47060e-05
1459.00	-0.00222322	1459.00	0.000339204
1460.00	-0.000325895	1460.00	0.00259538
1461.00	-0.000717153	1461.00	0.00122984
1462.00	-0.00132827	1462.00	0.000113535
1463.00	6.27695e-06	1463.00	-0.000450986
1464.00	-0.000733223	1464.00	-0.000841096
1465.00	0.00119430	1465.00	-0.000164919
1466.00	5.78762e-05	1466.00	-0.000889909
1467.00	-0.000284070	1467.00	-0.000850041
1468.00	0.00247124	1468.00	-0.000946056
1469.00	0.00123655	1469.00	0.000194775
1470.00	0.00186574	1470.00	0.000916122
1471.00	-0.00108160	1471.00	0.000954429
1472.00	-0.000177201	1472.00	-0.000489128
1473.00	-0.000603903	1473.00	-0.00145329
1474.00	0.00252878	1474.00	-0.00265971
1475.00	0.00508557	1475.00	-0.000937176
1476.00	0.00480179	1476.00	-0.000739765
1477.00	-0.00157615	1477.00	-0.000197077
1478.00	-0.00229356	1478.00	-0.000413251
1479.00	-0.00204283	1479.00	-0.000519265
1480.00	0.000242442	1480.00	0.000113674
1481.00	0.00120655	1481.00	-0.000420056
1482.00	0.00207872	1482.00	-0.000793754
1483.00	0.00206990	1483.00	-0.00147400
1484.00	0.000196213	1484.00	-0.00115797
1485.00	0.000560497	1485.00	-0.000713696
1486.00	0.000587434	1486.00	-0.00122262
1487.00	1.74384e-05	1487.00	-0.000321814
1488.00	0.000846058	1488.00	-0.000556115
1489.00	0.00148882	1489.00	-8.13814e-05
1490.00	0.000897623	1490.00	-0.00130628
1491.00	-0.000844012	1491.00	0.000282789
1492.00	-0.00225266	1492.00	0.000263766
1493.00	-0.00205680	1493.00	-0.000307585
1494.00	-0.00170275	1494.00	0.000243268
1495.00	-0.000397924	1495.00	-0.000507954
1496.00	0.00130877	1496.00	-0.000821833
1497.00	9.12489e-05	1497.00	-0.00164712
1498.00	-0.00124791	1498.00	0.000675801
1499.00	0.00184766	1499.00	0.00101567
1500.00	0.00508527	1500.00	0.000574698
1501.00	0.00434810	1501.00	-0.000524413
1502.00	0.00432368	1502.00	-0.000573934
1503.00	0.00412094	1503.00	-0.00155346
1504.00	0.00239902	1504.00	-0.00161580
1505.00	0.00110314	1505.00	-0.00194579
1506.00	-6.31108e-05	1506.00	-0.000913010
1507.00	0.00111851	1507.00	0.00106657
1508.00	0.00232784	1508.00	0.000348151
1509.00	0.00135807	1509.00	0.000256008
1510.00	-0.00143160	1510.00	-0.00102159
1511.00	-0.00211702	1511.00	0.000663157
1512.00	-0.000145641	1512.00	-0.000890482
1513.00	0.00194145	1513.00	-0.000159825
1514.00	-0.000926812	1514.00	0.000325797
1515.00	-0.00203469	1515.00	0.00165000
1516.00	-0.000339263	1516.00	0.00144625
1517.00	0.00141490	1517.00	0.000759137
1518.00	0.00104248	1518.00	0.000379133
1519.00	0.000951107	1519.00	-0.000937400
1520.00	0.00152368	1520.00	0.000305564
1521.00	0.00242146	1521.00	-0.00196817
1522.00	0.00241759	1522.00	-0.000755595
1523.00	0.00240276	1523.00	-0.000113222
1524.00	0.000418391	1524.00	0.000520185
1525.00	0.00235855	1525.00	0.000491077
1526.00	0.00109158	1526.00	-0.000323825
1527.00	0.00285750	1527.00	-0.00119412
1528.00	0.00330517	1528.00	-0.00154787
1529.00	0.00414795	1529.00	-0.00140063
1530.00	0.00286668	1530.00	-0.000690204
1531.00	0.000667418	1531.00	-0.000690892
1532.00	0.00152097	1532.00	-0.00141684
1533.00	-0.000215512	1533.00	-0.00214897
1534.00	-0.000146412	1534.00	-0.000570421
1535.00	0.000664423	1535.00	-0.000896389
1536.00	0.00379164	1536.00	-0.00166562
1537.00	0.00306853	1537.00	-0.00206867
1538.00	-0.000485017	1538.00	-0.00197096
1539.00	-0.00128543	1539.00	-0.00211876
1540.00	-0.000450386	1540.00	-0.00225716
1541.00	0.000644590	1541.00	-0.00146158
1542.00	6.56979e-05	1542.00	-0.000381650
1543.00	-0.00112009	1543.00	0.000928418
1544.00	-0.000862893	1544.00	0.000275830
1545.00	-0.000165388	1545.00	-7.74569e-05
1546.00	0.00371259	1546.00	-0.000353493
1547.00	0.00248487	1547.00	-0.00154244
1548.00	0.00320603	1548.00	-0.00119898
1549.00	0.000520574	1549.00	-0.00146634
1550.00	0.000884189	1550.00	-0.000349345
1551.00	0.000697953	1551.00	-0.000397205
1552.00	0.00145490	1552.00	0.000247026
1553.00	0.000121394	1553.00	0.00134906
1554.00	-5.40087e-05	1554.00	0.00123702
1555.00	0.00110848	1555.00	0.000860927
1556.00	0.00261216	1556.00	-0.000219190
1557.00	0.00120863	1557.00	-0.000572919
1558.00	0.000497683	1558.00	-0.000940972
1559.00	-0.000637991	1559.00	-0.000637557
1560.00	0.000709048	1560.00	-0.000432890
1561.00	-1.69627e-05	1561.00	-0.000211699
1562.00	0.000405054	1562.00	0.000249520
1563.00	0.000383338	1563.00	-0.000508832
1564.00	-0.000103603	1564.00	-0.00140456
1565.00	-0.00397971	1565.00	-0.00187907
1566.00	-0.00381021	1566.00	-0.000752144
1567.00	-0.00176790	1567.00	0.000685450
1568.00	0.00136357	1568.00	-0.000334689
1569.00	0.00141513	1569.00	-0.000827635
1570.00	0.00206667	1570.00	-0.00140121
1571.00	0.00198048	1571.00	-0.00240656
1572.00	0.00186692	1572.00	-0.00293900
1573.00	-0.000120913	1573.00	-0.00222524
1574.00	0.00140572	1574.00	-0.00199917
1575.00	0.00300663	1575.00	-0.00128910
1576.00	0.00459081	1576.00	-0.00294714
1577.00	0.00217266	1577.00	-0.00250276
1578.00	0.00408303	1578.00	-0.00241615
1579.00	0.00257822	1579.00	-0.00143199
1580.00	0.00116912	1580.00	-0.000175590
1581.00	-0.000478800	1581.00	0.00111560
1582.00	-0.00114192	1582.00	0.00133544
1583.00	0.00130807	1583.00	0.000651181
1584.00	0.00259306	1584.00	0.000656283
1585.00	0.00180356	1585.00	0.000303751
1586.00	0.00100308	1586.00	0.00154318
1587.00	0.000560089	1587.00	0.00150624
1588.00	-0.000745282	1588.00	0.000923225
1589.00	-0.00105084	1589.00	-0.00129686
1590.00	-0.00226297	1590.00	-0.000827159
1591.00	-0.000698965	1591.00	-0.00167707
1592.00	-0.000956009	1592.00	-5.26646e-05
1593.00	-0.00147746	1593.00	0.000731611
1594.00	0.00136575	1594.00	-0.000209168
1595.00	0.00130359	1595.00	0.000167295
1596.00	0.000450179	1596.00	-0.000427810
1597.00	-0.000789984	1597.00	7.67460e-05
1598.00	-0.000961493	1598.00	0.000125158
1599.00	0.00181187	1599.00	-0.00100703
1600.00	0.00269912	1600.00	-0.000733115
1601.00	0.00351776	1601.00	-0.00160099
1602.00	0.00159789	1602.00	-0.00179657
1603.00	0.00129451	1603.00	-0.000844433
1604.00	0.00167318	1604.00	-0.000526343
1605.00	0.00144212	1605.00	0.000278045
1606.00	0.000624285	1606.00	-0.000777855
1607.00	-0.000282774	1607.00	9.71144e-05
1608.00	0.000757688	1608.00	-0.000100449
1609.00	0.00136196	1609.00	0.00148353
1610.00	0.000526004	1610.00	0.00160565
1611.00	0.000371304	1611.00	0.00217329
1612.00	0.000909868	1612.00	0.00108732
1613.00	0.00382283	1613.00	-0.000542444
1614.00	0.00378437	1614.00	-0.00219477
1615.00	0.00256068	1615.00	-0.00241234
1616.00	0.00203893	1616.00	-0.00137441
1617.00	-3.03674e-05	1617.00	-0.00125137
1618.00	-0.000576046	1618.00	-0.000479764
1619.00	-0.000890881	1619.00	-0.00128554
1620.00	-0.00112450	1620.00	-0.000577893
1621.00	0.00105278	1621.00	-0.00116498
1622.00	0.00438936	1622.00	-0.000593517
1623.00	0.00251983	1623.00	-6.63173e-05
1624.00	0.00234746	1624.00	0.000697142
1625.00	0.00264762	1625.00	-0.000399681
1626.00	0.00318504	1626.00	0.000548829
1627.00	0.00263820	1627.00	-0.000126724
1628.00	0.000569557	1628.00	0.00109379
1629.00	-0.000218164	1629.00	0.00115435
1630.00	-0.00128877	1630.00	0.000902096
1631.00	-0.00140552	1631.00	-0.000151844
1632.00	0.000734660	1632.00	0.000147127
1633.00	0.000846104	1633.00	0.000269868
1634.00	-0.000563100	1634.00	0.000339673
1635.00	-0.000345897	1635.00	0.00110194
1636.00	0.00114019	1636.00	0.00108175
1637.00	0.00295874	1637.00	0.000919756
1638.00	0.00251597	1638.00	-9.64776e-05
1639.00	0.00121499	1639.00	-0.000170392
1640.00	-9.71354e-05	1640.00	-0.000491772
1641.00	0.000310095	1641.00	0.00118586
1642.00	-4.55323e-05	1642.00	-0.000157128
1643.00	0.00174016	1643.00	-0.000316700
1644.00	0.00149705	1644.00	-0.00160091
1645.00	-0.00157058	1645.00	-0.00116197
1646.00	-0.00152242	1646.00	-0.000582278
1647.00	-0.00232825	1647.00	-0.000301270
1648.00	0.000169158	1648.00	-0.00126900
1649.00	0.000650854	1649.00	-0.00186581
1650.00	0.000330515	1650.00	-0.00279069
1651.00	0.00159077	1651.00	-0.00118880
1652.00	0.000541574	1652.00	-0.00163002
1653.00	0.00266014	1653.00	-0.000267558
1654.00	0.00360146	1654.00	-0.000625874
1655.00	0.00458097	1655.00	-0.000676116
1656.00	0.00193646	1656.00	-0.000271580
1657.00	0.000437828	1657.00	-0.000509671
1658.00	0.00129754	1658.00	0.000976181
1659.00	0.000145315	1659.00	-0.000403060
1660.00	0.00131101	1660.00	0.00112622
1661.00	-0.000672578	1661.00	0.00100688
1662.00	-0.000509769	1662.00	0.00124726
1663.00	-0.000197458	1663.00	0.000520289
1664.00	0.00321128	1664.00	-0.000234210
1665.00	0.00191137	1665.00	0.00202280
1666.00	0.00221514	1666.00	0.00146632
1667.00	0.00248630	1667.00	0.00302577
1668.00	7.19270e-05	1668.00	0.00202423
1669.00	0.000541112	1669.00	0.00119616
1670.00	0.000324737	1670.00	-0.000971196
1671.00	0.000680636	1671.00	-0.00106962
1672.00	0.000188295	1672.00	-0.00153813
1673.00	-0.000290666	1673.00	-2.72688e-05
1674.00	0.00177184	1674.00	0.00165126
1675.00	0.00337632	1675.00	0.000841011
1676.00	0.00319163	1676.00	-0.00139996
1677.00	0.00353366	1677.00	-0.00147906
1678.00	0.00361498	1678.00	-0.000627323
1679.00	0.00242710	1679.00	-0.000382276
1680.00	0.000315229	1680.00	-0.000758696
1681.00	0.000916314	1681.00	0.000526692
1682.00	0.00266755	1682.00	-4.95428e-05
1683.00	0.00367670	1683.00	-0.000325134
1684.00	0.00189762	1684.00	0.000454982
1685.00	0.000852030	1685.00	-0.000396347
1686.00	0.000751031	1686.00	0.000446759
1687.00	0.00188604	1687.00	0.000340991
1688.00	0.00248306	1688.00	0.00113797
1689.00	0.00193838	1689.00	0.000566108
1690.00	0.00119347	1690.00	-0.000814513
1691.00	0.000361185	1691.00	0.000260846
1692.00	0.000321558	1692.00	-0.000857503
1693.00	0.000440743	1693.00	-0.000781986
1694.00	-0.000330395	1694.00	-0.000726370
1695.00	-7.07135e-05	1695.00	-0.000622634
1696.00	0.000809014	1696.00	-0.000783492
1697.00	0.000864369	1697.00	1.10909e-05
1698.00	0.000985943	1698.00	-0.000823626
1699.00	0.00338384	1699.00	-0.000332012
1700.00	0.00393035	1700.00	-0.00174989
1701.00	0.00182821	1701.00	-0.00139819
1702.00	0.000499177	1702.00	-0.00137668
1703.00	0.000780491	1703.00	-0.00104447
1704.00	0.000504680	1704.00	-0.000665458
1705.00	0.00102547	1705.00	-0.00144858
1706.00	0.00279110	1706.00	-0.000547089
1707.00	-0.00149662	1707.00	-0.000432784
1708.00	-0.00300650	1708.00	0.000472477
1709.00	-0.00252157	1709.00	0.000831810
1710.00	-0.00138011	1710.00	0.000810158
1711.00	0.000350642	1711.00	0.000921309
1712.00	-0.000226562	1712.00	0.000804881
1713.00	0.00224617	1713.00	-0.000355630
1714.00	0.00372236	1714.00	-0.00101550
1715.00	0.00304124	1715.00	-0.00115752
1716.00	0.000556940	1716.00	-0.00132341
1717.00	-0.000537172	1717.00	0.000282335
1718.00	0.000707742	1718.00	-0.00151426
1719.00	0.00134645	1719.00	-0.00216679
1720.00	0.00106132	1720.00	-0.00111001
1721.00	-0.000227202	1721.00	-0.000296106
1722.00	0.000675075	1722.00	-5.74872e-05
1723.00	-0.000839536	1723.00	-0.000332077
1724.00	-3.79451e-05	1724.00	0.000270227
1725.00	-0.000688001	1725.00	0.000745472
1726.00	-0.000485308	1726.00	0.000473301
1727.00	0.000389478	1727.00	2.24435e-05
1728.00	0.00185192	1728.00	-0.000925454
1729.00	0.00318319	1729.00	-0.00171518
1730.00	-7.45663e-05	1730.00	0.000163303
1731.00	0.00188569	1731.00	0.000431088
1732.00	0.00104817	1732.00	0.000724482
1733.00	0.00231372	1733.00	-0.000354995
1734.00	-7.81359e-05	1734.00	0.000216609
1735.00	-0.000447233	1735.00	0.00161627
1736.00	0.00101594	1736.00	0.00204305
1737.00	0.00118815	1737.00	0.00124698
1738.00	0.00273001	1738.00	0.000346474
1739.00	0.00188309	1739.00	0.000698561
1740.00	0.00200726	1740.00	-3.99146e-06
1741.00	-5.45322e-06	1741.00	-0.000102227
1742.00	-0.000665127	1742.00	0.000145628
1743.00	-0.00105703	1743.00	0.00109346
1744.00	0.00189279	1744.00	0.000746894
1745.00	0.00283857	1745.00	-0.000376674
1746.00	0.00365417	1746.00	-0.00122691
1747.00	0.00318678	1747.00	-0.000454380
1748.00	0.00211790	1748.00	0.000886645
1749.00	0.00101729	1749.00	0.000771183
1750.00	0.00114170	1750.00	0.000591364
1751.00	0.00524353	1751.00	-0.000356118
1752.00	0.00429172	1752.00	-7.98156e-05
1753.00	0.00208680	1753.00	0.000105119
1754.00	0.000437915	1754.00	-0.000777379
1755.00	0.00304349	1755.00	-0.000955315
1756.00	0.00579900	1756.00	-0.00178764
1757.00	0.00493275	1757.00	-0.000820334
1758.00	0.00281494	1758.00	-0.000643264
1759.00	0.00186301	1759.00	-0.000829997
1760.00	0.00307292	1760.00	-0.000934264
1761.00	0.00337747	1761.00	0.00116192
1762.00	0.00264296	1762.00	0.00130519
1763.00	0.00297535	1763.00	0.00124748
1764.00	0.00254679	1764.00	0.000612094
1765.00	0.00268102	1765.00	-0.000747595
1766.00	0.00306251	1766.00	-0.00104668
1767.00	0.00243904	1767.00	-0.00136630
1768.00	0.00260726	1768.00	9.82037e-05
1769.00	-7.66865e-06	1769.00	0.00126777
1770.00	-0.000263583	1770.00	0.00112139
1771.00	-0.00365955	1771.00	0.00127657
1772.00	0.000198544	1772.00	0.00127748
1773.00	-9.60508e-05	1773.00	0.00164285
1774.00	0.00227887	1774.00	0.000747810
1775.00	0.000900751	1775.00	0.000582947
1776.00	-0.000355076	1776.00	0.000753678
1777.00	0.000729308	1777.00	-0.000497369
1778.00	0.00240913	1778.00	-0.000299307
1779.00	0.00499640	1779.00	-0.00236095
1780.00	0.00298055	1780.00	-0.000938320
1781.00	0.00210794	1781.00	-0.000641017
1782.00	0.00132528	1782.00	-0.000518428
1783.00	0.000684437	1783.00	0.000701929
1784.00	0.00185730	1784.00	-0.000389534
1785.00	0.000627878	1785.00	0.000306572
1786.00	0.000673203	1786.00	-0.000288941
1787.00	0.000440400	1787.00	8.59490e-05
1788.00	0.000556533	1788.00	0.000607357
1789.00	0.00252852	1789.00	-0.000214713
1790.00	4.26644e-05	1790.00	0.000344080
1791.00	0.000327683	1791.00	-0.000320613
1792.00	-0.000971384	1792.00	0.000413360
1793.00	0.000271487	1793.00	-0.000796137
1794.00	0.00288484	1794.00	-0.00131485
1795.00	0.00359816	1795.00	-0.000454985
1796.00	0.00158184	1796.00	0.000589797
1797.00	-0.000236418	1797.00	0.00142302
1798.00	-0.000840691	1798.00	0.000811262
1799.00	-0.00151675	1799.00	-0.000471255
1800.00	-0.00164107	1800.00	-0.00139710
1801.00	-0.00206169	1801.00	-0.00100720
1802.00	0.00154893	1802.00	-5.48465e-05
1803.00	-0.000644410	1803.00	0.00117385
1804.00	0.00119815	1804.00	0.000557292
1805.00	-0.000916806	1805.00	0.000237971
1806.00	0.00138745	1806.00	-0.000574009
1807.00	-0.000477686	1807.00	-0.000297055
1808.00	0.000180756	1808.00	0.000414965
1809.00	0.000142345	1809.00	-0.000107741
1810.00	0.00107769	1810.00	0.000409955
1811.00	0.00151798	1811.00	-0.00125679
1812.00	0.00280749	1812.00	-0.000294890
1813.00	0.000465542	1813.00	-0.000797443
1814.00	-0.000104442	1814.00	-0.00103357
1815.00	-0.00203066	1815.00	-0.00148353
1816.00	-0.00131628	1816.00	-0.00144176
1817.00	-0.000718525	1817.00	-0.00115339
1818.00	-0.000973465	1818.00	-0.000738112
1819.00	0.00108486	1819.00	-0.000766275
1820.00	0.00435136	1820.00	-0.000925379
1821.00	0.00479365	1821.00	-0.00179297
1822.00	0.00341681	1822.00	-0.00151334
1823.00	0.00298982	1823.00	-0.00117174
1824.00	-0.000500350	1824.00	-0.000231335
1825.00	0.00149693	1825.00	-0.000383623
1826.00	0.000216694	1826.00	-0.000112845
1827.00	0.00128792	1827.00	-0.000308479
1828.00	0.00205670	1828.00	0.000830525
1829.00	0.00405162	1829.00	0.000120344
1830.00	0.00139583	1830.00	0.000253873
1831.00	0.000611160	1831.00	-0.000416214
1832.00	0.00126734	1832.00	0.000551059
1833.00	0.00221382	1833.00	0.000846335
1834.00	0.00403669	1834.00	-0.000930903
1835.00	0.00268646	1835.00	-0.00154086
1836.00	0.00191293	1836.00	-0.00273082
1837.00	0.000617393	1837.00	-0.000163811
1838.00	-0.000517318	1838.00	0.000656125
1839.00	0.00126458	1839.00	0.00271503
1840.00	0.000859196	1840.00	0.00220463
1841.00	0.00127073	1841.00	0.000227045
1842.00	0.000873442	1842.00	-0.000326451
1843.00	0.00182959	1843.00	-0.00122036
1844.00	0.000477486	1844.00	-0.000223663
1845.00	0.00131950	1845.00	0.000527732
1846.00	0.00146508	1846.00	0.000205331
1847.00	0.00179298	1847.00	-0.00106893
1848.00	0.000898063	1848.00	-0.00228830
1849.00	0.00159937	1849.00	-0.00261123
1850.00	0.000693255	1850.00	-0.00255109
1851.00	0.00128029	1851.00	-0.00325964
1852.00	0.00147487	1852.00	-0.00259774
1853.00	0.00143856	1853.00	-0.00278127
1854.00	0.00126355	1854.00	-0.00200744
1855.00	-0.000424521	1855.00	-0.00237389
1856.00	-0.000249103	1856.00	-0.00142365
1857.00	-0.00264697	1857.00	-2.14907e-05
1858.00	0.000104742	1858.00	-0.000383787
1859.00	-0.00137178	1859.00	-0.00122386
1860.00	0.00165629	1860.00	-0.00180121
1861.00	0.00133860	1861.00	-0.000822264
1862.00	0.000518196	1862.00	-0.000517639
1863.00	0.000513308	1863.00	0.000275769
1864.00	0.000704128	1864.00	-0.000363064
1865.00	0.00341061	1865.00	-0.000289031
1866.00	0.000816339	1866.00	-0.000649377
1867.00	0.00152814	1867.00	-7.65580e-05
1868.00	0.00137939	1868.00	-0.000212619
1869.00	0.00151658	1869.00	7.45431e-05
1870.00	0.000354413	1870.00	0.000354615
1871.00	-0.000542694	1871.00	-0.000344370
1872.00	0.00141450	1872.00	0.000552680
1873.00	0.00414176	1873.00	-0.000215395
1874.00	0.00479211	1874.00	0.000134185
1875.00	0.00333788	1875.00	-0.000790272
1876.00	0.00113438	1876.00	-0.00106378
1877.00	0.000986519	1877.00	-0.000873668
1878.00	0.00110864	1878.00	-0.00112441
1879.00	0.000407897	1879.00	-0.00125715
1880.00	0.00257579	1880.00	-0.000961216
1881.00	-0.000369167	1881.00	-2.11868e-05
1882.00	0.00146985	1882.00	-0.000297759
1883.00	-0.000775174	1883.00	-1.89370e-05
1884.00	0.000475414	1884.00	-0.00159452
1885.00	-0.00109744	1885.00	-0.00164054
1886.00	-2.73931e-05	1886.00	-0.00148406
1887.00	-0.000732450	1887.00	0.00114284
1888.00	-0.000322752	1888.00	0.00213011
1889.00	-0.00116315	1889.00	0.00106747
1890.00	0.00148865	1890.00	-0.000135129
1891.00	0.000890027	1891.00	-0.00142038
1892.00	0.000115180	1892.00	-0.000642968
1893.00	0.00190262	1893.00	-0.000282847
1894.00	0.00250806	1894.00	-9.42466e-05
1895.00	0.00363304	1895.00	-0.000341048
1896.00	0.00216706	1896.00	-0.00210784
1897.00	0.00297107	1897.00	-0.00178810
1898.00	0.00200411	1898.00	-0.00151701
1899.00	0.00167647	1899.00	-0.000382200
1900.00	-0.000260236	1900.00	-0.00138445
1901.00	-0.00143589	1901.00	-0.000400892
1902.00	0.000118366	1902.00	-0.000571067
1903.00	0.00128644	1903.00	-0.00106376
1904.00	0.000618211	1904.00	-0.000348916
1905.00	-0.00236308	1905.00	-0.000418613
1906.00	-0.000423794	1906.00	0.000214193
1907.00	-0.00266485	1907.00	0.000317021
1908.00	-0.00196462	1908.00	0.000566926
1909.00	-0.00189336	1909.00	-0.000383337
1910.00	-0.000233197	1910.00	-0.000747901
1911.00	0.00151561	1911.00	-0.000982916
1912.00	0.000762878	1912.00	0.000203342
1913.00	7.00191e-06	1913.00	0.000992526
1914.00	-0.000322979	1914.00	0.000502360
1915.00	-0.000218671	1915.00	0.000338145
1916.00	0.00197832	1916.00	-0.000225152
1917.00	0.00492083	1917.00	-0.00154973
1918.00	0.00202374	1918.00	-0.00128202
1919.00	0.000694117	1919.00	-0.000762637
1920.00	-0.00116258	1920.00	3.69251e-05
1921.00	0.000563350	1921.00	-0.000256741
1922.00	-0.00106911	1922.00	-0.000566642
1923.00	-0.000778972	1923.00	4.92027e-05
1924.00	0.00327569	1924.00	0.000360721
1925.00	0.00179518	1925.00	0.000447840
1926.00	0.000502227	1926.00	6.60526e-05
1927.00	-0.00163103	1927.00	0.00102569
1928.00	0.000450961	1928.00	0.000884178
1929.00	0.000746563	1929.00	0.000808269
1930.00	0.000134412	1930.00	0.000148530
1931.00	0.000340285	1931.00	-0.000127549
1932.00	0.00556958	1932.00	-0.000295763
1933.00	0.00282657	1933.00	-3.11269e-05
1934.00	-0.00184633	1934.00	0.00149681
1935.00	-0.00322838	1935.00	0.000897733
1936.00	-0.00223747	1936.00	0.000636083
1937.00	2.22571e-05	1937.00	-0.000406918
1938.00	0.00124653	1938.00	-2.76525e-06
1939.00	0.00434171	1939.00	0.000545999
1940.00	0.00322092	1940.00	-0.000812414
1941.00	0.000947881	1941.00	-0.000594054
1942.00	-0.00147051	1942.00	-0.000710619
1943.00	-0.000795309	1943.00	-0.000704768
1944.00	0.000784532	1944.00	0.000494645
1945.00	0.00181355	1945.00	0.000322955
1946.00	0.00167692	1946.00	0.000886184
1947.00	0.000406636	1947.00	0.00138045
1948.00	0.00117887	1948.00	0.000758638
1949.00	0.000594149	1949.00	0.000371299
1950.00	0.00144842	1950.00	-0.000328658
1951.00	0.00316218	1951.00	-0.000116784
1952.00	0.00311276	1952.00	-0.00162215
1953.00	0.00454085	1953.00	-0.000854217
1954.00	0.00544691	1954.00	-0.00113867
1955.00	0.000992185	1955.00	-0.000644130
1956.00	0.00190444	1956.00	-0.00144729
1957.00	0.00149931	1957.00	-0.00117913
1958.00	0.00149588	1958.00	-0.000323361
1959.00	0.000583439	1959.00	-0.000911899
1960.00	0.000964631	1960.00	-0.00106275
1961.00	0.00324908	1961.00	-0.00128572
1962.00	0.00323166	1962.00	-0.00130115
1963.00	0.00318826	1963.00	-0.000149257
1964.00	0.00223050	1964.00	0.000323376
1965.00	0.00382113	1965.00	0.00101813
1966.00	0.00534075	1966.00	8.85382e-05
1967.00	0.00421816	1967.00	-0.000652757
1968.00	1.67241e-05	1968.00	-0.000145289
1969.00	-0.00261127	1969.00	-0.000125829
1970.00	-0.000211267	1970.00	0.000162810
1971.00	0.00186846	1971.00	-0.000416040
1972.00	0.00276687	1972.00	-0.000510248
1973.00	0.00237197	1973.00	-0.000888970
1974.00	0.00309181	1974.00	-0.00148247
1975.00	0.00122984	1975.00	-0.00129035
1976.00	0.000222562	1976.00	-0.000903356
1977.00	-0.000552024	1977.00	0.00138088
1978.00	5.02593e-05	1978.00	0.00162534
1979.00	0.000775108	1979.00	0.00138004
1980.00	0.00367378	1980.00	0.000774635
1981.00	0.00113483	1981.00	0.00121359
1982.00	0.00118711	1982.00	0.00125822
1983.00	-0.000237665	1983.00	0.00115276
1984.00	0.000961181	1984.00	0.000474787
1985.00	0.000221060	1985.00	-0.000438037
1986.00	-0.00150064	1986.00	-0.000819378
1987.00	0.000526116	1987.00	-0.000734951
1988.00	0.000692603	1988.00	-0.000934964
1989.00	-0.000131343	1989.00	0.000962806
1990.00	-0.000490006	1990.00	0.00128895
1991.00	0.000148727	1991.00	-0.000476704
1992.00	0.00180182	1992.00	-0.00150381
1993.00	0.00219242	1993.00	-0.00207440
1994.00	0.000733115	1994.00	-0.00149229
1995.00	0.000916449	1995.00	-0.00152458
1996.00	-8.53270e-05	1996.00	-0.00235946
1997.00	-0.000993503	1997.00	-0.00264972
1998.00	-0.00348844	1998.00	-0.00118129
1999.00	-0.000942645	1999.00	1.80821e-06
