	XPS_UPS_18Jan2022/BBL/Au/2/2: Sequence/Valence-HeI	
Binding energy (eV)	Counts per second	Trans Fn
10	306152	22493.81511
9.98	307738	22494.20021
9.96	308965	22494.58529
9.94	310767	22494.97036
9.92	312728	22495.35541
9.9	314330	22495.74045
9.88	316762	22496.12548
9.86	317941	22496.51048
9.84	320000	22496.89548
9.82	321517	22497.28046
9.8	322580	22497.66542
9.78	323685	22498.05037
9.76	325497	22498.4353
9.74	327118	22498.82022
9.72	327896	22499.20512
9.7	328446	22499.59001
9.68	330574	22499.97488
9.66	330676	22500.35974
9.64	331092	22500.74459
9.62	331116	22501.12941
9.6	332576	22501.51423
9.58	333122	22501.89903
9.56	332735	22502.28381
9.54	333285	22502.66858
9.52	333652	22503.05333
9.5	333397	22503.43807
9.48	333341	22503.82279
9.46	334639	22504.2075
9.44	333175	22504.5922
9.42	332590	22504.97687
9.4	332499	22505.36154
9.38	332380	22505.74619
9.36	331990	22506.13082
9.34	332510	22506.51544
9.32	331235	22506.90004
9.3	329722	22507.28463
9.28	329805	22507.6692
9.26	330526	22508.05376
9.24	329072	22508.43831
9.22	328060	22508.82283
9.2	328518	22509.20735
9.18	328936	22509.59185
9.16	327915	22509.97633
9.14	327268	22510.3608
9.12	327306	22510.74525
9.1	327167	22511.12969
9.08	325272	22511.51411
9.06	325238	22511.89852
9.04	325495	22512.28291
9.02	325302	22512.66729
9	324665	22513.05166
8.98	324934	22513.436
8.96	323191	22513.82034
8.94	322323	22514.20465
8.92	322437	22514.58896
8.9	321599	22514.97325
8.88	321418	22515.35752
8.86	321236	22515.74178
8.84	320911	22516.12602
8.82	319617	22516.51025
8.8	318689	22516.89446
8.78	319025	22517.27866
8.76	318400	22517.66284
8.74	318718	22518.04701
8.72	316718	22518.43116
8.7	315980	22518.8153
8.68	316452	22519.19942
8.66	315770	22519.58353
8.64	315178	22519.96762
8.62	314375	22520.3517
8.6	312904	22520.73576
8.58	312628	22521.11981
8.56	312176	22521.50384
8.54	311771	22521.88786
8.52	310902	22522.27186
8.5	310725	22522.65585
8.48	309841	22523.03982
8.46	309609	22523.42378
8.44	308915	22523.80772
8.42	309129	22524.19165
8.4	307235	22524.57556
8.38	306729	22524.95945
8.36	306113	22525.34334
8.34	306077	22525.7272
8.32	303990	22526.11105
8.3	302504	22526.49489
8.28	301593	22526.87871
8.26	301627	22527.26252
8.24	300912	22527.64631
8.22	300350	22528.03009
8.2	298966	22528.41385
8.18	298928	22528.79759
8.16	297748	22529.18132
8.14	296409	22529.56504
8.12	295495	22529.94874
8.1	294040	22530.33243
8.08	293307	22530.7161
8.06	292350	22531.09975
8.04	291832	22531.48339
8.02	290617	22531.86702
8	289539	22532.25063
7.98	288121	22532.63423
7.96	286339	22533.01781
7.94	285567	22533.40137
7.92	284007	22533.78492
7.9	283442	22534.16846
7.88	281304	22534.55198
7.86	280288	22534.93548
7.84	279564	22535.31897
7.82	278298	22535.70244
7.8	276485	22536.0859
7.78	275199	22536.46935
7.76	273492	22536.85278
7.74	272180	22537.23619
7.72	270820	22537.61959
7.7	268512	22538.00297
7.68	266629	22538.38634
7.66	265327	22538.7697
7.64	264200	22539.15304
7.62	263125	22539.53636
7.6	261461	22539.91967
7.58	258815	22540.30296
7.56	257351	22540.68624
7.54	255025	22541.0695
7.52	253970	22541.45275
7.5	252032	22541.83598
7.48	250608	22542.2192
7.46	248850	22542.6024
7.44	247783	22542.98559
7.42	245502	22543.36876
7.4	243629	22543.75192
7.38	241875	22544.13506
7.36	240218	22544.51819
7.34	238482	22544.9013
7.32	237953	22545.2844
7.3	235546	22545.66748
7.28	234640	22546.05054
7.26	232653	22546.4336
7.24	231249	22546.81663
7.22	230137	22547.19965
7.2	228072	22547.58266
7.18	226543	22547.96565
7.16	224186	22548.34863
7.14	223093	22548.73159
7.12	221734	22549.11453
7.1	220874	22549.49746
7.08	219773	22549.88038
7.06	218090	22550.26328
7.04	216356	22550.64616
7.02	215277	22551.02903
7	213294	22551.41189
6.98	212832	22551.79472
6.96	210853	22552.17755
6.94	209455	22552.56036
6.92	207700	22552.94315
6.9	206787	22553.32593
6.88	206090	22553.70869
6.86	204909	22554.09144
6.84	203920	22554.47418
6.82	203059	22554.85689
6.8	201188	22555.2396
6.78	200724	22555.62228
6.76	199953	22556.00496
6.74	198584	22556.38761
6.72	197164	22556.77026
6.7	195687	22557.15288
6.68	194601	22557.5355
6.66	193502	22557.91809
6.64	192595	22558.30067
6.62	190960	22558.68324
6.6	189680	22559.06579
6.58	188508	22559.44833
6.56	188172	22559.83085
6.54	186195	22560.21335
6.52	185332	22560.59585
6.5	183509	22560.97832
6.48	182191	22561.36078
6.46	181205	22561.74323
6.44	180244	22562.12566
6.42	178178	22562.50807
6.4	177336	22562.89047
6.38	175305	22563.27285
6.36	174529	22563.65522
6.34	173254	22564.03758
6.32	171978	22564.41992
6.3	170398	22564.80224
6.28	169518	22565.18455
6.26	168271	22565.56684
6.24	167303	22565.94912
6.22	166474	22566.33138
6.2	164896	22566.71363
6.18	163658	22567.09586
6.16	162395	22567.47808
6.14	161613	22567.86028
6.12	160738	22568.24247
6.1	160000	22568.62464
6.08	159048	22569.0068
6.06	157779	22569.38894
6.04	157379	22569.77106
6.02	156551	22570.15317
6	156330	22570.53527
5.98	155763	22570.91735
5.96	154731	22571.29942
5.94	154236	22571.68147
5.92	154337	22572.0635
5.9	153542	22572.44552
5.88	152666	22572.82752
5.86	152977	22573.20951
5.84	152297	22573.59149
5.82	151982	22573.97345
5.8	151577	22574.35539
5.78	151756	22574.73732
5.76	151325	22575.11923
5.74	150934	22575.50113
5.72	150354	22575.88301
5.7	151158	22576.26488
5.68	150263	22576.64673
5.66	150116	22577.02857
5.64	150308	22577.41039
5.62	150158	22577.79219
5.6	150319	22578.17399
5.58	150885	22578.55576
5.56	150455	22578.93752
5.54	150089	22579.31927
5.52	150487	22579.701
5.5	150852	22580.08271
5.48	150333	22580.46441
5.46	150678	22580.8461
5.44	151107	22581.22777
5.42	151111	22581.60942
5.4	151137	22581.99106
5.38	150861	22582.37268
5.36	151558	22582.75429
5.34	151853	22583.13588
5.32	152079	22583.51746
5.3	151765	22583.89903
5.28	151356	22584.28057
5.26	151254	22584.6621
5.24	151625	22585.04362
5.22	151210	22585.42512
5.2	152285	22585.80661
5.18	151585	22586.18808
5.16	151373	22586.56954
5.14	151186	22586.95098
5.12	150647	22587.3324
5.1	150606	22587.71381
5.08	149890	22588.09521
5.06	149388	22588.47659
5.04	148522	22588.85795
5.02	148012	22589.2393
5	147099	22589.62063
4.98	146888	22590.00195
4.96	145579	22590.38325
4.94	144796	22590.76454
4.92	144472	22591.14581
4.9	143027	22591.52707
4.88	141891	22591.90831
4.86	140399	22592.28954
4.84	139726	22592.67075
4.82	138185	22593.05195
4.8	136808	22593.43313
4.78	135537	22593.8143
4.76	133893	22594.19545
4.74	131634	22594.57658
4.72	130502	22594.9577
4.7	128917	22595.33881
4.68	126657	22595.71989
4.66	124316	22596.10097
4.64	121802	22596.48203
4.62	119780	22596.86307
4.6	117641	22597.2441
4.58	115150	22597.62511
4.56	112611	22598.00611
4.54	109663	22598.38709
4.52	107553	22598.76806
4.5	104703	22599.14901
4.48	102893	22599.52995
4.46	100321	22599.91087
4.44	97193	22600.29177
4.42	93938	22600.67266
4.4	91619	22601.05354
4.38	88727	22601.4344
4.36	86777	22601.81524
4.34	83824	22602.19607
4.32	80942	22602.57689
4.3	78389	22602.95768
4.28	76398	22603.33847
4.26	73921	22603.71924
4.24	71492	22604.09999
4.22	69050	22604.48073
4.2	66891	22604.86145
4.18	65247	22605.24215
4.16	63147	22605.62285
4.14	61364	22606.00352
4.12	59974	22606.38418
4.1	58212	22606.76483
4.08	56627	22607.14546
4.06	54925	22607.52607
4.04	53721	22607.90667
4.02	52348	22608.28726
4	51068	22608.66782
3.98	49177	22609.04838
3.96	47703	22609.42892
3.94	46676	22609.80944
3.92	45321	22610.18995
3.9	44101	22610.57044
3.88	43035	22610.95092
3.86	42239	22611.33138
3.84	40877	22611.71182
3.82	40145	22612.09225
3.8	38959	22612.47267
3.78	37904	22612.85307
3.76	36769	22613.23345
3.74	35649	22613.61382
3.72	34762	22613.99418
3.7	34027	22614.37452
3.68	33034	22614.75484
3.66	32295	22615.13515
3.64	31652	22615.51544
3.62	30939	22615.89572
3.6	30266	22616.27598
3.58	29534	22616.65623
3.56	29228	22617.03646
3.54	28545	22617.41667
3.52	27876	22617.79687
3.5	27370	22618.17706
3.48	26915	22618.55723
3.46	26711	22618.93738
3.44	26270	22619.31752
3.42	26057	22619.69765
3.4	25605	22620.07776
3.38	25471	22620.45785
3.36	25291	22620.83793
3.34	25002	22621.21799
3.32	24872	22621.59804
3.3	24625	22621.97807
3.28	24794	22622.35808
3.26	24585	22622.73808
3.24	24610	22623.11807
3.22	24512	22623.49804
3.2	24660	22623.87799
3.18	24554	22624.25793
3.16	24403	22624.63786
3.14	24401	22625.01777
3.12	24378	22625.39766
3.1	24283	22625.77754
3.08	24400	22626.1574
3.06	24314	22626.53725
3.04	24173	22626.91708
3.02	24094	22627.2969
3	23807	22627.6767
2.98	23747	22628.05648
2.96	23607	22628.43625
2.94	23591	22628.81601
2.92	23473	22629.19575
2.9	23158	22629.57547
2.88	23106	22629.95518
2.86	22732	22630.33487
2.84	22633	22630.71455
2.82	22178	22631.09421
2.8	22047	22631.47386
2.78	21537	22631.85349
2.76	21457	22632.23311
2.74	21240	22632.61271
2.72	20681	22632.99229
2.7	20425	22633.37186
2.68	20123	22633.75142
2.66	19549	22634.13096
2.64	19273	22634.51048
2.62	19207	22634.88999
2.6	18734	22635.26948
2.58	18312	22635.64896
2.56	17968	22636.02842
2.54	17494	22636.40787
2.52	17374	22636.7873
2.5	17024	22637.16671
2.48	16606	22637.54612
2.46	16178	22637.9255
2.44	15824	22638.30487
2.42	15350	22638.68422
2.4	15170	22639.06356
2.38	14720	22639.44289
2.36	14212	22639.82219
2.34	13885	22640.20149
2.32	13594	22640.58076
2.3	13209	22640.96003
2.28	12758	22641.33927
2.26	12331	22641.7185
2.24	11900	22642.09772
2.22	11532	22642.47692
2.2	11009	22642.8561
2.18	10537	22643.23527
2.16	10090	22643.61442
2.14	9591	22643.99356
2.12	9072	22644.37269
2.1	8503	22644.75179
2.08	8156	22645.13088
2.06	7603	22645.50996
2.04	7135	22645.88902
2.02	6715	22646.26807
2	6295	22646.6471
1.98	5755	22647.02611
1.96	5394	22647.40511
1.94	4952	22647.78409
1.92	4597	22648.16306
1.9	4271	22648.54202
1.88	3919	22648.92095
1.86	3495	22649.29988
1.84	3280	22649.67878
1.82	2994	22650.05767
1.8	2734	22650.43655
1.78	2558	22650.81541
1.76	2311	22651.19425
1.74	2122	22651.57308
1.72	2040	22651.9519
1.7	1816	22652.33069
1.68	1753	22652.70948
1.66	1611	22653.08824
1.64	1493	22653.467
1.62	1411	22653.84573
1.6	1332	22654.22445
1.58	1263	22654.60316
1.56	1229	22654.98185
1.54	1139	22655.36052
1.52	1092	22655.73918
1.5	1034	22656.11783
1.48	988	22656.49645
1.46	977	22656.87507
1.44	930	22657.25366
1.42	894	22657.63224
1.4	813	22658.01081
1.38	815	22658.38936
1.36	826	22658.7679
1.34	801	22659.14642
1.32	755	22659.52492
1.3	686	22659.90341
1.28	699	22660.28188
1.26	705	22660.66034
1.24	679	22661.03878
1.22	663	22661.41721
1.2	683	22661.79562
1.18	633	22662.17402
1.16	620	22662.5524
1.14	632	22662.93076
1.12	582	22663.30911
1.1	603	22663.68744
1.08	586	22664.06576
1.06	612	22664.44407
1.04	537	22664.82235
1.02	531	22665.20062
1	621	22665.57888
0.98	586	22665.95712
0.96	513	22666.33535
0.94	487	22666.71356
0.92	512	22667.09175
0.9	504	22667.46993
0.88	502	22667.84809
0.86	459	22668.22624
0.84	448	22668.60437
0.82	463	22668.98249
0.8	471	22669.36059
0.78	451	22669.73868
0.76	458	22670.11675
0.74	456	22670.4948
0.72	442	22670.87284
0.7	368	22671.25086
0.68	434	22671.62887
0.66	422	22672.00686
0.64	405	22672.38484
0.62	369	22672.7628
0.6	403	22673.14075
0.58	412	22673.51868
0.56	372	22673.89659
0.54	349	22674.27449
0.52	355	22674.65238
0.5	372	22675.03024
0.48	363	22675.4081
0.46	314	22675.78593
0.44	346	22676.16376
0.42	348	22676.54156
0.4	316	22676.91935
0.38	302	22677.29713
0.36	285	22677.67489
0.34	297	22678.05263
0.32	327	22678.43036
0.3	283	22678.80807
0.28	280	22679.18577
0.26	253	22679.56345
0.24	259	22679.94112
0.22	254	22680.31877
0.2	240	22680.6964
0.18	274	22681.07402
0.16	255	22681.45163
0.14	239	22681.82921
0.12	218	22682.20679
0.1	209	22682.58434
0.08	189	22682.96189
0.06	205	22683.33941
0.04	209	22683.71692
0.02	182	22684.09442
0	161	22684.4719
-0.02	173	22684.84936
-0.04	175	22685.22681
-0.06	147	22685.60424
-0.08	149	22685.98166
-0.1	188	22686.35906
-0.12	154	22686.73645
-0.14	143	22687.11382
-0.16	149	22687.49117
-0.18	143	22687.86851
-0.2	135	22688.24584
-0.22	150	22688.62314
-0.24	132	22689.00044
-0.26	137	22689.37771
-0.28	124	22689.75497
-0.3	143	22690.13222
-0.32	153	22690.50945
-0.34	120	22690.88667
-0.36	140	22691.26386
-0.38	134	22691.64105
-0.4	113	22692.01822
-0.42	104	22692.39537
-0.44	121	22692.77251
-0.46	121	22693.14963
-0.48	119	22693.52673
-0.5	108	22693.90382
-0.52	111	22694.2809
-0.54	112	22694.65796
-0.56	103	22695.035
-0.58	88	22695.41203
-0.6	94	22695.78904
-0.62	128	22696.16603
-0.64	116	22696.54302
-0.66	107	22696.91998
-0.68	105	22697.29693
-0.7	117	22697.67386
-0.72	114	22698.05078
-0.74	83	22698.42769
-0.76	100	22698.80457
-0.78	91	22699.18144
-0.8	106	22699.5583
-0.82	93	22699.93514
-0.84	92	22700.31197
-0.86	101	22700.68877
-0.88	94	22701.06557
-0.9	96	22701.44235
-0.92	101	22701.81911
-0.94	90	22702.19585
-0.96	104	22702.57259
-0.98	90	22702.9493
-1	95	22703.326
