	XPS_UPS_18Jan2022/P3HT/BBL/grounded_Au_sub/1/2: Sequence/Cut-Off	
Binding energy (eV)	Counts per second	Trans Fn
19.22	983.3333333	22314.71119
19.21	910	22314.90712
19.2	890	22315.10305
19.19	953.3333333	22315.29898
19.18	950	22315.4949
19.17	1040	22315.69083
19.16	1013.333333	22315.88674
19.15	1026.666667	22316.08266
19.14	1013.333333	22316.27857
19.13	990	22316.47447
19.12	1046.666667	22316.67038
19.11	966.6666667	22316.86628
19.1	930	22317.06217
19.09	946.6666667	22317.25806
19.08	900	22317.45395
19.07	923.3333333	22317.64984
19.06	1000	22317.84572
19.05	1023.333333	22318.0416
19.04	1040	22318.23747
19.03	1063.333333	22318.43334
19.02	1113.333333	22318.62921
19.01	1093.333333	22318.82507
19	1070	22319.02093
18.99	1070	22319.21679
18.98	1090	22319.41264
18.97	1103.333333	22319.60849
18.96	1073.333333	22319.80433
18.95	1086.666667	22320.00017
18.94	1096.666667	22320.19601
18.93	1166.666667	22320.39185
18.92	1156.666667	22320.58768
18.91	1186.666667	22320.78351
18.9	1126.666667	22320.97933
18.89	1270	22321.17515
18.88	1126.666667	22321.37097
18.87	1100	22321.56678
18.86	1306.666667	22321.76259
18.85	1166.666667	22321.95839
18.84	1213.333333	22322.15419
18.83	1283.333333	22322.34999
18.82	1310	22322.54579
18.81	1253.333333	22322.74158
18.8	1270	22322.93737
18.79	1330	22323.13315
18.78	1353.333333	22323.32893
18.77	1300	22323.52471
18.76	1400	22323.72048
18.75	1510	22323.91625
18.74	1500	22324.11202
18.73	1500	22324.30778
18.72	1353.333333	22324.50354
18.71	1506.666667	22324.69929
18.7	1453.333333	22324.89504
18.69	1620	22325.09079
18.68	1610	22325.28654
18.67	1563.333333	22325.48228
18.66	1656.666667	22325.67801
18.65	1810	22325.87375
18.64	1800	22326.06948
18.63	1703.333333	22326.2652
18.62	1670	22326.46093
18.61	1793.333333	22326.65665
18.6	1720	22326.85236
18.59	1886.666667	22327.04807
18.58	1770	22327.24378
18.57	1836.666667	22327.43949
18.56	1893.333333	22327.63519
18.55	1833.333333	22327.83088
18.54	1916.666667	22328.02658
18.53	1790	22328.22227
18.52	2093.333333	22328.41796
18.51	2136.666667	22328.61364
18.5	2056.666667	22328.80932
18.49	2173.333333	22329.00499
18.48	2156.666667	22329.20067
18.47	2296.666667	22329.39633
18.46	2303.333333	22329.592
18.45	2240	22329.78766
18.44	2363.333333	22329.98332
18.43	2390	22330.17897
18.42	2203.333333	22330.37462
18.41	2486.666667	22330.57027
18.4	2620	22330.76591
18.39	2563.333333	22330.96155
18.38	2436.666667	22331.15719
18.37	2603.333333	22331.35282
18.36	2620	22331.54845
18.35	2676.666667	22331.74407
18.34	2806.666667	22331.9397
18.33	2980	22332.13531
18.32	2880	22332.33093
18.31	2876.666667	22332.52654
18.3	2903.333333	22332.72215
18.29	2950	22332.91775
18.28	3086.666667	22333.11335
18.27	3163.333333	22333.30895
18.26	3293.333333	22333.50454
18.25	3396.666667	22333.70013
18.24	3340	22333.89571
18.23	3483.333333	22334.0913
18.22	3623.333333	22334.28687
18.21	3726.666667	22334.48245
18.2	3690	22334.67802
18.19	3553.333333	22334.87359
18.18	3816.666667	22335.06915
18.17	3750	22335.26471
18.16	3856.666667	22335.46027
18.15	4010	22335.65582
18.14	4126.666667	22335.85137
18.13	4303.333333	22336.04691
18.12	4293.333333	22336.24246
18.11	4583.333333	22336.438
18.1	4116.666667	22336.63353
18.09	4320	22336.82906
18.08	4520	22337.02459
18.07	4560	22337.22011
18.06	4583.333333	22337.41563
18.05	4816.666667	22337.61115
18.04	4960	22337.80666
18.03	5036.666667	22338.00217
18.02	4936.666667	22338.19768
18.01	5083.333333	22338.39318
18	5023.333333	22338.58868
17.99	4976.666667	22338.78417
17.98	5283.333333	22338.97967
17.97	5313.333333	22339.17515
17.96	5096.666667	22339.37064
17.95	5306.666667	22339.56612
17.94	5483.333333	22339.7616
17.93	5466.666667	22339.95707
17.92	5470	22340.15254
17.91	5650	22340.348
17.9	5603.333333	22340.54347
17.89	5776.666667	22340.73893
17.88	5886.666667	22340.93438
17.87	5740	22341.12983
17.86	5966.666667	22341.32528
17.85	5770	22341.52073
17.84	5963.333333	22341.71617
17.83	6126.666667	22341.9116
17.82	6123.333333	22342.10704
17.81	6103.333333	22342.30247
17.8	6336.666667	22342.49789
17.79	6460	22342.69332
17.78	6486.666667	22342.88873
17.77	6406.666667	22343.08415
17.76	6623.333333	22343.27956
17.75	6643.333333	22343.47497
17.74	6786.666667	22343.67037
17.73	6760	22343.86578
17.72	6903.333333	22344.06117
17.71	7333.333333	22344.25657
17.7	7046.666667	22344.45196
17.69	7276.666667	22344.64734
17.68	7360	22344.84273
17.67	7140	22345.0381
17.66	7546.666667	22345.23348
17.65	7646.666667	22345.42885
17.64	7906.666667	22345.62422
17.63	7960	22345.81959
17.62	7800	22346.01495
17.61	7890	22346.2103
17.6	8300	22346.40566
17.59	8556.666667	22346.60101
17.58	8676.666667	22346.79635
17.57	8603.333333	22346.9917
17.56	8713.333333	22347.18704
17.55	8980	22347.38237
17.54	9200	22347.5777
17.53	9356.666667	22347.77303
17.52	9596.666667	22347.96836
17.51	9693.333333	22348.16368
17.5	10026.66667	22348.359
17.49	10126.66667	22348.55431
17.48	10380	22348.74962
17.47	10666.66667	22348.94493
17.46	10710	22349.14023
17.45	11300	22349.33553
17.44	11596.66667	22349.53083
17.43	11943.33333	22349.72612
17.42	12696.66667	22349.92141
17.41	13090	22350.11669
17.4	14016.66667	22350.31197
17.39	15000	22350.50725
17.38	15960	22350.70252
17.37	16500	22350.89779
17.36	17686.66667	22351.09306
17.35	18790	22351.28832
17.34	20373.33333	22351.48358
17.33	22196.66667	22351.67884
17.32	23896.66667	22351.87409
17.31	26516.66667	22352.06934
17.3	29063.33333	22352.26459
17.29	31636.66667	22352.45983
17.28	35956.66667	22352.65507
17.27	42236.66667	22352.8503
17.26	52580	22353.04553
17.25	73136.66667	22353.24076
17.24	105893.3333	22353.43598
17.23	151843.3333	22353.6312
17.22	208730	22353.82642
17.21	271573.3333	22354.02163
17.2	333846.6667	22354.21684
17.19	389833.3333	22354.41204
17.18	437320	22354.60724
17.17	479333.3333	22354.80244
17.16	513280	22354.99763
17.15	540923.3333	22355.19283
17.14	567276.6667	22355.38801
17.13	589653.3333	22355.5832
17.12	609410	22355.77838
17.11	626036.6667	22355.97355
17.1	644576.6667	22356.16872
17.09	658490	22356.36389
17.08	671240	22356.55906
17.07	681440	22356.75422
17.06	692336.6667	22356.94938
17.05	702396.6667	22357.14453
17.04	712366.6667	22357.33968
17.03	718810	22357.53483
17.02	724683.3333	22357.72997
17.01	731876.6667	22357.92511
17	735053.3333	22358.12025
16.99	741026.6667	22358.31538
16.98	741666.6667	22358.51051
16.97	746990	22358.70563
16.96	750473.3333	22358.90076
16.95	752193.3333	22359.09587
16.94	752996.6667	22359.29099
16.93	753186.6667	22359.4861
16.92	754936.6667	22359.68121
16.91	757146.6667	22359.87631
16.9	758323.3333	22360.07141
16.89	757343.3333	22360.26651
16.88	755576.6667	22360.4616
16.87	755976.6667	22360.65669
16.86	754716.6667	22360.85177
16.85	751903.3333	22361.04685
16.84	750336.6667	22361.24193
16.83	748233.3333	22361.43701
16.82	747116.6667	22361.63208
16.81	743950	22361.82714
16.8	743850	22362.02221
16.79	741976.6667	22362.21727
16.78	741303.3333	22362.41232
16.77	737976.6667	22362.60737
16.76	737363.3333	22362.80242
16.75	732826.6667	22362.99747
16.74	730756.6667	22363.19251
16.73	728466.6667	22363.38755
16.72	727080	22363.58258
16.71	723986.6667	22363.77761
16.7	722770	22363.97264
16.69	717826.6667	22364.16766
16.68	716703.3333	22364.36268
16.67	709993.3333	22364.5577
16.66	709180	22364.75271
16.65	707886.6667	22364.94772
16.64	707483.3333	22365.14273
16.63	700753.3333	22365.33773
16.62	700313.3333	22365.53273
16.61	695860	22365.72772
16.6	694970	22365.92271
16.59	690410	22366.1177
16.58	687823.3333	22366.31268
16.57	687950	22366.50766
16.56	685680	22366.70264
16.55	679836.6667	22366.89761
16.54	678096.6667	22367.09258
16.53	674876.6667	22367.28754
16.52	671100	22367.4825
16.51	670300	22367.67746
16.5	666163.3333	22367.87242
16.49	664866.6667	22368.06737
16.48	662310	22368.26231
16.47	660170	22368.45726
16.46	654766.6667	22368.6522
16.45	655193.3333	22368.84713
16.44	650093.3333	22369.04206
16.43	648350	22369.23699
16.42	646976.6667	22369.43192
16.41	643660	22369.62684
16.4	641320	22369.82176
16.39	639660	22370.01667
16.38	634340	22370.21158
16.37	634843.3333	22370.40649
16.36	632100	22370.60139
16.35	629656.6667	22370.79629
16.34	627526.6667	22370.99119
16.33	622873.3333	22371.18608
16.32	622653.3333	22371.38097
16.31	619846.6667	22371.57585
16.3	617446.6667	22371.77073
16.29	614653.3333	22371.96561
16.28	612146.6667	22372.16049
16.27	610333.3333	22372.35536
16.26	608660	22372.55022
16.25	606503.3333	22372.74509
16.24	602756.6667	22372.93995
16.23	601313.3333	22373.1348
16.22	599626.6667	22373.32965
16.21	598893.3333	22373.5245
16.2	594946.6667	22373.71935
16.19	590153.3333	22373.91419
16.18	591000	22374.10903
16.17	587946.6667	22374.30386
16.16	582916.6667	22374.49869
16.15	582350	22374.69352
16.14	579646.6667	22374.88834
16.13	576130	22375.08316
16.12	574780	22375.27798
16.11	571966.6667	22375.47279
16.1	569786.6667	22375.6676
16.09	567783.3333	22375.8624
16.08	567596.6667	22376.0572
16.07	563376.6667	22376.252
16.06	561933.3333	22376.44679
16.05	558843.3333	22376.64158
16.04	556150	22376.83637
16.03	553206.6667	22377.03115
16.02	550576.6667	22377.22593
16.01	545680	22377.42071
16	543323.3333	22377.61548
15.99	541653.3333	22377.81025
15.98	540713.3333	22378.00501
15.97	538166.6667	22378.19977
15.96	534376.6667	22378.39453
15.95	530663.3333	22378.58928
15.94	530140	22378.78403
15.93	527430	22378.97878
15.92	520653.3333	22379.17352
15.91	521303.3333	22379.36826
15.9	518776.6667	22379.563
15.89	515483.3333	22379.75773
15.88	512926.6667	22379.95246
15.87	511453.3333	22380.14718
15.86	508720	22380.3419
15.85	506903.3333	22380.53662
15.84	502993.3333	22380.73133
15.83	499660	22380.92604
15.82	497433.3333	22381.12075
15.81	495053.3333	22381.31545
15.8	492893.3333	22381.51015
15.79	489043.3333	22381.70485
15.78	486756.6667	22381.89954
15.77	484300	22382.09423
15.76	480020	22382.28891
15.75	477683.3333	22382.48359
15.74	475170	22382.67827
15.73	473903.3333	22382.87294
15.72	469183.3333	22383.06761
15.71	466000	22383.26228
15.7	467043.3333	22383.45694
15.69	463973.3333	22383.6516
15.68	460460	22383.84625
15.67	456723.3333	22384.04091
15.66	454926.6667	22384.23555
15.65	452033.3333	22384.4302
15.64	450020	22384.62484
15.63	447320	22384.81947
15.62	444480	22385.01411
15.61	441780	22385.20874
15.6	439586.6667	22385.40336
15.59	436930	22385.59799
15.58	433030	22385.7926
15.57	430123.3333	22385.98722
15.56	429866.6667	22386.18183
15.55	427056.6667	22386.37644
15.54	424906.6667	22386.57104
15.53	421706.6667	22386.76564
15.52	420016.6667	22386.96024
15.51	417296.6667	22387.15483
15.5	415760	22387.34942
15.49	413530	22387.54401
15.48	409563.3333	22387.73859
15.47	406736.6667	22387.93317
15.46	408220	22388.12774
15.45	405493.3333	22388.32231
15.44	402163.3333	22388.51688
15.43	400430	22388.71144
15.42	397316.6667	22388.906
15.41	395883.3333	22389.10056
15.4	393193.3333	22389.29511
15.39	391736.6667	22389.48966
15.38	388913.3333	22389.68421
15.37	386643.3333	22389.87875
15.36	385063.3333	22390.07329
15.35	383446.6667	22390.26782
15.34	381273.3333	22390.46235
15.33	378880	22390.65688
15.32	377406.6667	22390.8514
15.31	375890	22391.04592
15.3	373856.6667	22391.24044
15.29	373556.6667	22391.43495
15.28	369396.6667	22391.62946
15.27	367770	22391.82396
15.26	367186.6667	22392.01847
15.25	364080	22392.21296
15.24	360923.3333	22392.40746
15.23	359130	22392.60195
15.22	357930	22392.79644
15.21	358436.6667	22392.99092
15.2	354866.6667	22393.1854
15.19	353840	22393.37987
15.18	350976.6667	22393.57435
15.17	348520	22393.76881
15.16	349623.3333	22393.96328
15.15	349366.6667	22394.15774
15.14	344976.6667	22394.3522
15.13	342993.3333	22394.54665
15.12	341673.3333	22394.7411
15.11	339816.6667	22394.93555
15.1	339383.3333	22395.12999
15.09	337950	22395.32443
15.08	336516.6667	22395.51887
15.07	334806.6667	22395.7133
15.06	333273.3333	22395.90773
15.05	330330	22396.10215
15.04	329160	22396.29657
15.03	328220	22396.49099
15.02	328190	22396.6854
15.01	326203.3333	22396.87981
15	322090	22397.07422
14.99	321653.3333	22397.26862
14.98	321710	22397.46302
14.97	321706.6667	22397.65742
14.96	320933.3333	22397.85181
14.95	318373.3333	22398.0462
14.94	315186.6667	22398.24058
14.93	314130	22398.43496
14.92	314276.6667	22398.62934
14.91	314743.3333	22398.82371
14.9	310940	22399.01808
14.89	308240	22399.21245
14.88	308630	22399.40681
14.87	308203.3333	22399.60117
14.86	307043.3333	22399.79552
14.85	304563.3333	22399.98987
14.84	303656.6667	22400.18422
14.83	302620	22400.37856
14.82	302183.3333	22400.5729
14.81	300393.3333	22400.76724
14.8	298960	22400.96157
14.79	295980	22401.1559
14.78	296166.6667	22401.35023
14.77	296080	22401.54455
14.76	294893.3333	22401.73887
14.75	293270	22401.93318
14.74	290490	22402.12749
14.73	290263.3333	22402.3218
14.72	289216.6667	22402.51611
14.71	288246.6667	22402.7104
14.7	287036.6667	22402.9047
14.69	285326.6667	22403.09899
14.68	284593.3333	22403.29328
14.67	283250	22403.48757
14.66	280823.3333	22403.68185
14.65	280206.6667	22403.87613
14.64	279886.6667	22404.0704
14.63	278936.6667	22404.26467
14.62	277713.3333	22404.45894
14.61	273993.3333	22404.6532
14.6	274436.6667	22404.84746
14.59	272863.3333	22405.04172
14.58	272476.6667	22405.23597
14.57	273340	22405.43022
14.56	269973.3333	22405.62446
14.55	269183.3333	22405.8187
14.54	267863.3333	22406.01294
14.53	265816.6667	22406.20718
14.52	267723.3333	22406.40141
14.51	264910	22406.59563
14.5	262133.3333	22406.78986
14.49	263200	22406.98407
14.48	262586.6667	22407.17829
14.47	259976.6667	22407.3725
14.46	258380	22407.56671
14.45	259056.6667	22407.76091
14.44	256013.3333	22407.95511
14.43	255063.3333	22408.14931
14.42	254136.6667	22408.34351
14.41	253630	22408.5377
14.4	253190	22408.73188
14.39	250340	22408.92606
14.38	249496.6667	22409.12024
14.37	247000	22409.31442
14.36	246746.6667	22409.50859
14.35	247416.6667	22409.70276
14.34	244560	22409.89692
14.33	243483.3333	22410.09108
14.32	242466.6667	22410.28524
14.31	241070	22410.47939
14.3	240193.3333	22410.67354
14.29	237966.6667	22410.86769
14.28	237336.6667	22411.06183
14.27	236626.6667	22411.25597
14.26	234056.6667	22411.4501
14.25	234730	22411.64423
14.24	233590	22411.83836
14.23	234190	22412.03248
14.22	231420	22412.2266
