	XPS_UPS_18Jan2022/P3HT/Au/1/2: Sequence/Valence-HeI	
Binding energy (eV)	Counts per second	Trans Fn
10	355854	22493.81511
9.98	355661	22494.20021
9.96	356255	22494.58529
9.94	356973	22494.97036
9.92	357290	22495.35541
9.9	358185	22495.74045
9.88	358268	22496.12548
9.86	358056	22496.51048
9.84	359361	22496.89548
9.82	359456	22497.28046
9.8	359350	22497.66542
9.78	359685	22498.05037
9.76	359155	22498.4353
9.74	359539	22498.82022
9.72	359306	22499.20512
9.7	359523	22499.59001
9.68	359743	22499.97488
9.66	359915	22500.35974
9.64	359361	22500.74459
9.62	359063	22501.12941
9.6	358985	22501.51423
9.58	358076	22501.89903
9.56	358662	22502.28381
9.54	357591	22502.66858
9.52	357263	22503.05333
9.5	357993	22503.43807
9.48	357713	22503.82279
9.46	356980	22504.2075
9.44	357104	22504.5922
9.42	356383	22504.97687
9.4	357054	22505.36154
9.38	356997	22505.74619
9.36	356158	22506.13082
9.34	356541	22506.51544
9.32	356691	22506.90004
9.3	356997	22507.28463
9.28	357355	22507.6692
9.26	357032	22508.05376
9.24	357534	22508.43831
9.22	357925	22508.82283
9.2	358432	22509.20735
9.18	359184	22509.59185
9.16	358849	22509.97633
9.14	358322	22510.3608
9.12	359429	22510.74525
9.1	360013	22511.12969
9.08	360917	22511.51411
9.06	360507	22511.89852
9.04	360493	22512.28291
9.02	361636	22512.66729
9	361884	22513.05166
8.98	361133	22513.436
8.96	360628	22513.82034
8.94	361455	22514.20465
8.92	362543	22514.58896
8.9	362523	22514.97325
8.88	362595	22515.35752
8.86	363457	22515.74178
8.84	362693	22516.12602
8.82	361685	22516.51025
8.8	362594	22516.89446
8.78	362670	22517.27866
8.76	361174	22517.66284
8.74	362393	22518.04701
8.72	362045	22518.43116
8.7	361925	22518.8153
8.68	362112	22519.19942
8.66	362092	22519.58353
8.64	362874	22519.96762
8.62	362309	22520.3517
8.6	363291	22520.73576
8.58	363778	22521.11981
8.56	363873	22521.50384
8.54	363293	22521.88786
8.52	364239	22522.27186
8.5	363393	22522.65585
8.48	364107	22523.03982
8.46	363786	22523.42378
8.44	364185	22523.80772
8.42	366084	22524.19165
8.4	365156	22524.57556
8.38	365109	22524.95945
8.36	366248	22525.34334
8.34	366289	22525.7272
8.32	366424	22526.11105
8.3	366284	22526.49489
8.28	366307	22526.87871
8.26	368454	22527.26252
8.24	368203	22527.64631
8.22	368820	22528.03009
8.2	368870	22528.41385
8.18	368325	22528.79759
8.16	369042	22529.18132
8.14	369316	22529.56504
8.12	369838	22529.94874
8.1	369894	22530.33243
8.08	370625	22530.7161
8.06	371550	22531.09975
8.04	371658	22531.48339
8.02	371840	22531.86702
8	371640	22532.25063
7.98	373367	22532.63423
7.96	373397	22533.01781
7.94	373653	22533.40137
7.92	374260	22533.78492
7.9	375465	22534.16846
7.88	374867	22534.55198
7.86	375772	22534.93548
7.84	375614	22535.31897
7.82	376339	22535.70244
7.8	376001	22536.0859
7.78	377017	22536.46935
7.76	376954	22536.85278
7.74	377513	22537.23619
7.72	378535	22537.61959
7.7	379749	22538.00297
7.68	379905	22538.38634
7.66	379741	22538.7697
7.64	378779	22539.15304
7.62	380161	22539.53636
7.6	380700	22539.91967
7.58	381121	22540.30296
7.56	381979	22540.68624
7.54	382092	22541.0695
7.52	382627	22541.45275
7.5	381586	22541.83598
7.48	381922	22542.2192
7.46	382921	22542.6024
7.44	382459	22542.98559
7.42	382563	22543.36876
7.4	382681	22543.75192
7.38	382337	22544.13506
7.36	382491	22544.51819
7.34	382519	22544.9013
7.32	382928	22545.2844
7.3	382821	22545.66748
7.28	383560	22546.05054
7.26	382502	22546.4336
7.24	382479	22546.81663
7.22	383390	22547.19965
7.2	382715	22547.58266
7.18	383001	22547.96565
7.16	383103	22548.34863
7.14	381766	22548.73159
7.12	382474	22549.11453
7.1	381513	22549.49746
7.08	382338	22549.88038
7.06	381328	22550.26328
7.04	381370	22550.64616
7.02	382008	22551.02903
7	380928	22551.41189
6.98	381297	22551.79472
6.96	380299	22552.17755
6.94	380259	22552.56036
6.92	379333	22552.94315
6.9	378992	22553.32593
6.88	379069	22553.70869
6.86	378906	22554.09144
6.84	378654	22554.47418
6.82	378338	22554.85689
6.8	376412	22555.2396
6.78	376578	22555.62228
6.76	376107	22556.00496
6.74	375243	22556.38761
6.72	374395	22556.77026
6.7	373891	22557.15288
6.68	374082	22557.5355
6.66	373318	22557.91809
6.64	373057	22558.30067
6.62	371648	22558.68324
6.6	371296	22559.06579
6.58	369983	22559.44833
6.56	368565	22559.83085
6.54	367063	22560.21335
6.52	367181	22560.59585
6.5	366020	22560.97832
6.48	365076	22561.36078
6.46	364740	22561.74323
6.44	363066	22562.12566
6.42	360891	22562.50807
6.4	359729	22562.89047
6.38	357535	22563.27285
6.36	357039	22563.65522
6.34	356120	22564.03758
6.32	354184	22564.41992
6.3	352277	22564.80224
6.28	350266	22565.18455
6.26	348875	22565.56684
6.24	347508	22565.94912
6.22	344624	22566.33138
6.2	342553	22566.71363
6.18	341028	22567.09586
6.16	338177	22567.47808
6.14	336635	22567.86028
6.12	334961	22568.24247
6.1	331949	22568.62464
6.08	329730	22569.0068
6.06	327137	22569.38894
6.04	324982	22569.77106
6.02	322341	22570.15317
6	320455	22570.53527
5.98	317111	22570.91735
5.96	315289	22571.29942
5.94	312866	22571.68147
5.92	309609	22572.0635
5.9	306513	22572.44552
5.88	303424	22572.82752
5.86	300909	22573.20951
5.84	297905	22573.59149
5.82	295744	22573.97345
5.8	292371	22574.35539
5.78	289618	22574.73732
5.76	286763	22575.11923
5.74	284359	22575.50113
5.72	280631	22575.88301
5.7	277405	22576.26488
5.68	274237	22576.64673
5.66	270374	22577.02857
5.64	267201	22577.41039
5.62	263971	22577.79219
5.6	260209	22578.17399
5.58	257068	22578.55576
5.56	252449	22578.93752
5.54	248796	22579.31927
5.52	245485	22579.701
5.5	240882	22580.08271
5.48	237472	22580.46441
5.46	234553	22580.8461
5.44	230484	22581.22777
5.42	225909	22581.60942
5.4	221613	22581.99106
5.38	216504	22582.37268
5.36	212450	22582.75429
5.34	208535	22583.13588
5.32	202570	22583.51746
5.3	198034	22583.89903
5.28	193055	22584.28057
5.26	187999	22584.6621
5.24	182528	22585.04362
5.22	176977	22585.42512
5.2	172015	22585.80661
5.18	166316	22586.18808
5.16	160367	22586.56954
5.14	154602	22586.95098
5.12	148969	22587.3324
5.1	142199	22587.71381
5.08	136227	22588.09521
5.06	130849	22588.47659
5.04	124609	22588.85795
5.02	117865	22589.2393
5	111909	22589.62063
4.98	105594	22590.00195
4.96	99963	22590.38325
4.94	93688	22590.76454
4.92	87917	22591.14581
4.9	82087	22591.52707
4.88	76292	22591.90831
4.86	71205	22592.28954
4.84	66318	22592.67075
4.82	60972	22593.05195
4.8	56463	22593.43313
4.78	52278	22593.8143
4.76	48591	22594.19545
4.74	44915	22594.57658
4.72	41338	22594.9577
4.7	38461	22595.33881
4.68	35999	22595.71989
4.66	33229	22596.10097
4.64	31408	22596.48203
4.62	29311	22596.86307
4.6	27682	22597.2441
4.58	26473	22597.62511
4.56	25379	22598.00611
4.54	24309	22598.38709
4.52	23334	22598.76806
4.5	22517	22599.14901
4.48	22089	22599.52995
4.46	21668	22599.91087
4.44	21295	22600.29177
4.42	20907	22600.67266
4.4	20694	22601.05354
4.38	20484	22601.4344
4.36	20375	22601.81524
4.34	20108	22602.19607
4.32	20222	22602.57689
4.3	20127	22602.95768
4.28	20000	22603.33847
4.26	19886	22603.71924
4.24	20032	22604.09999
4.22	20186	22604.48073
4.2	20368	22604.86145
4.18	20367	22605.24215
4.16	20558	22605.62285
4.14	20980	22606.00352
4.12	21001	22606.38418
4.1	21392	22606.76483
4.08	21437	22607.14546
4.06	21929	22607.52607
4.04	22347	22607.90667
4.02	22698	22608.28726
4	23254	22608.66782
3.98	23669	22609.04838
3.96	24161	22609.42892
3.94	24833	22609.80944
3.92	25329	22610.18995
3.9	26245	22610.57044
3.88	27063	22610.95092
3.86	27704	22611.33138
3.84	28615	22611.71182
3.82	29596	22612.09225
3.8	30497	22612.47267
3.78	31305	22612.85307
3.76	32504	22613.23345
3.74	33524	22613.61382
3.72	34410	22613.99418
3.7	35382	22614.37452
3.68	36077	22614.75484
3.66	37096	22615.13515
3.64	38369	22615.51544
3.62	38999	22615.89572
3.6	39829	22616.27598
3.58	40980	22616.65623
3.56	41152	22617.03646
3.54	41710	22617.41667
3.52	42548	22617.79687
3.5	42814	22618.17706
3.48	43271	22618.55723
3.46	43772	22618.93738
3.44	43903	22619.31752
3.42	44128	22619.69765
3.4	44179	22620.07776
3.38	43750	22620.45785
3.36	43497	22620.83793
3.34	43643	22621.21799
3.32	43026	22621.59804
3.3	42361	22621.97807
3.28	42165	22622.35808
3.26	41543	22622.73808
3.24	40888	22623.11807
3.22	39913	22623.49804
3.2	39353	22623.87799
3.18	38632	22624.25793
3.16	37829	22624.63786
3.14	37124	22625.01777
3.12	36150	22625.39766
3.1	35460	22625.77754
3.08	34659	22626.1574
3.06	33735	22626.53725
3.04	32578	22626.91708
3.02	31682	22627.2969
3	30498	22627.6767
2.98	29519	22628.05648
2.96	28284	22628.43625
2.94	27379	22628.81601
2.92	26599	22629.19575
2.9	25542	22629.57547
2.88	24537	22629.95518
2.86	23563	22630.33487
2.84	22721	22630.71455
2.82	21488	22631.09421
2.8	20592	22631.47386
2.78	19748	22631.85349
2.76	18698	22632.23311
2.74	17769	22632.61271
2.72	16939	22632.99229
2.7	16031	22633.37186
2.68	15022	22633.75142
2.66	14261	22634.13096
2.64	13467	22634.51048
2.62	12711	22634.88999
2.6	12157	22635.26948
2.58	11550	22635.64896
2.56	10850	22636.02842
2.54	10347	22636.40787
2.52	9964	22636.7873
2.5	9587	22637.16671
2.48	9237	22637.54612
2.46	8753	22637.9255
2.44	8554	22638.30487
2.42	8267	22638.68422
2.4	8116	22639.06356
2.38	7758	22639.44289
2.36	7626	22639.82219
2.34	7652	22640.20149
2.32	7483	22640.58076
2.3	7249	22640.96003
2.28	7231	22641.33927
2.26	7040	22641.7185
2.24	7027	22642.09772
2.22	7008	22642.47692
2.2	6939	22642.8561
2.18	6780	22643.23527
2.16	6811	22643.61442
2.14	6942	22643.99356
2.12	6879	22644.37269
2.1	6868	22644.75179
2.08	6865	22645.13088
2.06	6750	22645.50996
2.04	6601	22645.88902
2.02	6652	22646.26807
2	6859	22646.6471
1.98	6744	22647.02611
1.96	6688	22647.40511
1.94	6710	22647.78409
1.92	6705	22648.16306
1.9	6759	22648.54202
1.88	6850	22648.92095
1.86	6649	22649.29988
1.84	6664	22649.67878
1.82	6639	22650.05767
1.8	6626	22650.43655
1.78	6717	22650.81541
1.76	6739	22651.19425
1.74	6600	22651.57308
1.72	6826	22651.9519
1.7	6862	22652.33069
1.68	6802	22652.70948
1.66	6602	22653.08824
1.64	6716	22653.467
1.62	6714	22653.84573
1.6	6785	22654.22445
1.58	6701	22654.60316
1.56	6782	22654.98185
1.54	6735	22655.36052
1.52	6691	22655.73918
1.5	6777	22656.11783
1.48	6734	22656.49645
1.46	6630	22656.87507
1.44	6657	22657.25366
1.42	6603	22657.63224
1.4	6746	22658.01081
1.38	6712	22658.38936
1.36	6489	22658.7679
1.34	6533	22659.14642
1.32	6456	22659.52492
1.3	6465	22659.90341
1.28	6416	22660.28188
1.26	6365	22660.66034
1.24	6269	22661.03878
1.22	6234	22661.41721
1.2	6372	22661.79562
1.18	6262	22662.17402
1.16	6211	22662.5524
1.14	6135	22662.93076
1.12	5897	22663.30911
1.1	5760	22663.68744
1.08	5705	22664.06576
1.06	5657	22664.44407
1.04	5590	22664.82235
1.02	5329	22665.20062
1	5152	22665.57888
0.98	5113	22665.95712
0.96	4911	22666.33535
0.94	4722	22666.71356
0.92	4597	22667.09175
0.9	4409	22667.46993
0.88	4204	22667.84809
0.86	4228	22668.22624
0.84	3921	22668.60437
0.82	3732	22668.98249
0.8	3492	22669.36059
0.78	3327	22669.73868
0.76	3060	22670.11675
0.74	2845	22670.4948
0.72	2729	22670.87284
0.7	2445	22671.25086
0.68	2246	22671.62887
0.66	2035	22672.00686
0.64	1805	22672.38484
0.62	1647	22672.7628
0.6	1474	22673.14075
0.58	1256	22673.51868
0.56	1182	22673.89659
0.54	1040	22674.27449
0.52	928	22674.65238
0.5	807	22675.03024
0.48	724	22675.4081
0.46	617	22675.78593
0.44	525	22676.16376
0.42	507	22676.54156
0.4	444	22676.91935
0.38	395	22677.29713
0.36	405	22677.67489
0.34	346	22678.05263
0.32	319	22678.43036
0.3	327	22678.80807
0.28	299	22679.18577
0.26	285	22679.56345
0.24	270	22679.94112
0.22	261	22680.31877
0.2	245	22680.6964
0.18	252	22681.07402
0.16	250	22681.45163
0.14	224	22681.82921
0.12	221	22682.20679
0.1	262	22682.58434
0.08	243	22682.96189
0.06	232	22683.33941
0.04	229	22683.71692
0.02	228	22684.09442
0	214	22684.4719
-0.02	206	22684.84936
-0.04	219	22685.22681
-0.06	204	22685.60424
-0.08	202	22685.98166
-0.1	208	22686.35906
-0.12	205	22686.73645
-0.14	178	22687.11382
-0.16	195	22687.49117
-0.18	187	22687.86851
-0.2	185	22688.24584
-0.22	167	22688.62314
-0.24	178	22689.00044
-0.26	166	22689.37771
-0.28	180	22689.75497
-0.3	189	22690.13222
-0.32	194	22690.50945
-0.34	185	22690.88667
-0.36	181	22691.26386
-0.38	183	22691.64105
-0.4	173	22692.01822
-0.42	176	22692.39537
-0.44	175	22692.77251
-0.46	165	22693.14963
-0.48	167	22693.52673
-0.5	180	22693.90382
-0.52	178	22694.2809
-0.54	166	22694.65796
-0.56	186	22695.035
-0.58	177	22695.41203
-0.6	174	22695.78904
-0.62	169	22696.16603
-0.64	166	22696.54302
-0.66	172	22696.91998
-0.68	157	22697.29693
-0.7	172	22697.67386
-0.72	144	22698.05078
-0.74	144	22698.42769
-0.76	153	22698.80457
-0.78	144	22699.18144
-0.8	154	22699.5583
-0.82	146	22699.93514
-0.84	162	22700.31197
-0.86	165	22700.68877
-0.88	136	22701.06557
-0.9	141	22701.44235
-0.92	160	22701.81911
-0.94	132	22702.19585
-0.96	137	22702.57259
-0.98	125	22702.9493
-1	136	22703.326
